0.000000000000000000e+00 0.000000000000000000e+00 0.000000000000000000e+00 0.000000000000000000e+00 0.000000000000000000e+00 0.000000000000000000e+00
0.000000000000000000e+00 0.000000000000000000e+00 0.000000000000000000e+00 0.000000000000000000e+00 0.000000000000000000e+00 0.000000000000000000e+00
0.000000000000000000e+00 0.000000000000000000e+00 0.000000000000000000e+00 0.000000000000000000e+00 0.000000000000000000e+00 0.000000000000000000e+00
0.000000000000000000e+00 0.000000000000000000e+00 0.000000000000000000e+00 0.000000000000000000e+00 0.000000000000000000e+00 0.000000000000000000e+00
0.000000000000000000e+00 0.000000000000000000e+00 0.000000000000000000e+00 0.000000000000000000e+00 0.000000000000000000e+00 0.000000000000000000e+00
0.000000000000000000e+00 0.000000000000000000e+00 0.000000000000000000e+00 0.000000000000000000e+00 0.000000000000000000e+00 0.000000000000000000e+00
0.000000000000000000e+00 0.000000000000000000e+00 0.000000000000000000e+00 0.000000000000000000e+00 0.000000000000000000e+00 0.000000000000000000e+00
0.000000000000000000e+00 0.000000000000000000e+00 0.000000000000000000e+00 0.000000000000000000e+00 0.000000000000000000e+00 0.000000000000000000e+00
0.000000000000000000e+00 0.000000000000000000e+00 0.000000000000000000e+00 0.000000000000000000e+00 0.000000000000000000e+00 0.000000000000000000e+00
0.000000000000000000e+00 0.000000000000000000e+00 0.000000000000000000e+00 0.000000000000000000e+00 0.000000000000000000e+00 0.000000000000000000e+00
0.000000000000000000e+00 0.000000000000000000e+00 0.000000000000000000e+00 0.000000000000000000e+00 0.000000000000000000e+00 0.000000000000000000e+00
0.000000000000000000e+00 0.000000000000000000e+00 0.000000000000000000e+00 0.000000000000000000e+00 0.000000000000000000e+00 0.000000000000000000e+00
0.000000000000000000e+00 0.000000000000000000e+00 0.000000000000000000e+00 0.000000000000000000e+00 0.000000000000000000e+00 0.000000000000000000e+00
0.000000000000000000e+00 0.000000000000000000e+00 0.000000000000000000e+00 0.000000000000000000e+00 0.000000000000000000e+00 0.000000000000000000e+00
0.000000000000000000e+00 0.000000000000000000e+00 0.000000000000000000e+00 0.000000000000000000e+00 0.000000000000000000e+00 0.000000000000000000e+00
3.065741158778999970e-02 2.944403676653499780e-01 1.000825827613500030e+00 3.017619204838000238e-02 2.897490534167999621e-01 8.532989572135498690e-01
1.334687849855500097e-01 8.648294969463499182e-01 1.011270271581000024e+00 1.208355968311000117e-01 7.653134727070500798e-01 8.545611387805499559e-01
1.821473751229500115e-01 1.070247250585000032e+00 1.013619943937000167e+00 1.627779193082999898e-01 9.236427616150499897e-01 8.539088690517999680e-01
2.302643425146500278e-01 1.156321260346500068e+00 1.009016625365499964e+00 2.003295822251000002e-01 9.809847983276500649e-01 8.529913639985500229e-01
2.703913921051999680e-01 1.201649287914000164e+00 9.983728817709499603e-01 2.299583074173000008e-01 1.017332563952000113e+00 8.482150039907999650e-01
2.981379522031500362e-01 1.226486215502499810e+00 9.861927025180998729e-01 2.514474916886499933e-01 1.036287190565000182e+00 8.471236363948499992e-01
3.213344287168500291e-01 1.239952245095999883e+00 9.760682108132999746e-01 2.693450091828499815e-01 1.050964146045000103e+00 8.411423454229500773e-01
3.446965476385500105e-01 1.237446160679000151e+00 9.672476904047999646e-01 2.878470747947499686e-01 1.054785569443999815e+00 8.346603424582500486e-01
3.638133522217499860e-01 1.236304862668999860e+00 9.512644725549000979e-01 3.029481814241000159e-01 1.055036107630999975e+00 8.303223128319000557e-01
3.810850535531999927e-01 1.230621536802499971e+00 9.355388977538500184e-01 3.171855041709000234e-01 1.051582112844500205e+00 8.282912929569999916e-01
3.984047975755999893e-01 1.222737927335999952e+00 9.148018611634498587e-01 3.311304946035000252e-01 1.046715304344000064e+00 8.047932951639000798e-01
4.154943738089000305e-01 1.208859988544999986e+00 8.358040876430999910e-01 3.454270804318000376e-01 1.039808733176000199e+00 7.764369899814999032e-01
4.309418544859000555e-01 1.193296387493000044e+00 7.878752958441500587e-01 3.567358993150999691e-01 1.035783256252500006e+00 7.619452447250000260e-01
4.423572898457499569e-01 1.174458722784000209e+00 7.613561239546500214e-01 3.667476995695500008e-01 1.030516405825000037e+00 7.558153195992499684e-01
4.529167087498499611e-01 1.158648232415999901e+00 7.482725565097499976e-01 3.756331992166500600e-01 1.025197103310000024e+00 7.529928906080000095e-01
4.647714272962000237e-01 1.142178039409500023e+00 7.432002171719999106e-01 3.849433036952500387e-01 1.016689275776500034e+00 7.516586485549500152e-01
4.733470866690500101e-01 1.129670278148499740e+00 7.424802827450999176e-01 3.917545036167500161e-01 1.003971896513999873e+00 7.473954611555500005e-01
4.829163541840499896e-01 1.105448530765499981e+00 7.438785199983499741e-01 4.003453024933499860e-01 9.946084858366499581e-01 7.435741159767499386e-01
4.901398451559000335e-01 1.047344772916499966e+00 7.462371681713501070e-01 4.061879055705500119e-01 9.774055181772000056e-01 7.366761546820499440e-01
4.970570095731500215e-01 9.908198190825999729e-01 7.496586694368500003e-01 4.114513490315500066e-01 9.471914223351999285e-01 7.319532020738500622e-01
5.027884421398000070e-01 9.472280520247500224e-01 7.519492537232000950e-01 4.166832330633499781e-01 9.212575522307999698e-01 7.281818889136999484e-01
5.097658526742498974e-01 9.138191318597499446e-01 7.527637363369500401e-01 4.217741323743999793e-01 9.021488778550500465e-01 7.223574254464499855e-01
5.143009316087500116e-01 8.890149772854000210e-01 7.531736353619998825e-01 4.261253895561499805e-01 8.856766778519999939e-01 7.157094277488500467e-01
5.183617275824999870e-01 8.704551938453999327e-01 7.497887869055500643e-01 4.302086972295499634e-01 8.698293217374000186e-01 7.076819830171501291e-01
5.219300960793499256e-01 8.573058426712499847e-01 7.477494810946498927e-01 4.334284825291500054e-01 8.571446445457500118e-01 7.035190954257500850e-01
5.250662605144500450e-01 8.484889975614500202e-01 7.488796085947999615e-01 4.362678671259999641e-01 8.490224672689999919e-01 6.977123999473500149e-01
5.264481417759999671e-01 8.429570595048500037e-01 7.463947692949500778e-01 4.382799183704499946e-01 8.382834907903500277e-01 6.936941298616000617e-01
5.281920458079499836e-01 8.404614411645999761e-01 7.403299762360500136e-01 4.397163963653499819e-01 8.300816733925500124e-01 6.868297469024999824e-01
5.300912522521999959e-01 8.387250530304499740e-01 7.368708035358499941e-01 4.416740540403000237e-01 8.199916665981998865e-01 6.831108736275499638e-01
5.279189475419999722e-01 8.392441732890499884e-01 7.329796967645000327e-01 4.400527208246499677e-01 8.162316811140999384e-01 6.800831432545999533e-01
5.266698122080499811e-01 8.383844165212500643e-01 7.281187173361499676e-01 4.399609904959999596e-01 8.131566491892999737e-01 6.766041519956000894e-01
5.263810177116499123e-01 8.389593810679000230e-01 7.267719793071999446e-01 4.398036122759000355e-01 8.086031940344500235e-01 6.735853205881500161e-01
5.276916236687499984e-01 8.391868443517001008e-01 7.247968756279999925e-01 4.408232435867500132e-01 8.022299728095499960e-01 6.698453650101501289e-01
5.266004652160001243e-01 8.375408466657499051e-01 7.203283902314500109e-01 4.400117798812999692e-01 7.952971717979999688e-01 6.665443163203500498e-01
5.220387392131999871e-01 8.344543398310000359e-01 7.171617821781500757e-01 4.386034509060000031e-01 7.900766502807500258e-01 6.624578998533499075e-01
5.194734664694500292e-01 8.309265400055000361e-01 7.128636981351499369e-01 4.368450640469500046e-01 7.861797722951500145e-01 6.597730952597500309e-01
5.189248470132999946e-01 8.271053683636500065e-01 7.122605712449000537e-01 4.347542610551499709e-01 7.803094261151499733e-01 6.557602606895499564e-01
5.162568804808500555e-01 8.217673289492499755e-01 7.096958732207500065e-01 4.337424357203500391e-01 7.754375481245499024e-01 6.522025329397499460e-01
5.143701975919500180e-01 8.167748912886501067e-01 7.057695230036500345e-01 4.318773758989499778e-01 7.706342086809501168e-01 6.494140004163999613e-01
5.117093728918999940e-01 8.146309665890499874e-01 7.020570593965500539e-01 4.298568668632000156e-01 7.654505319495499283e-01 6.467246435633500212e-01
5.104335185778500206e-01 8.157403727524999981e-01 6.985431936429999933e-01 4.292206966108499944e-01 7.602076076462499499e-01 6.441176182933500138e-01
5.083154134230000176e-01 8.132870560416000094e-01 6.953228699726500261e-01 4.280150503385500294e-01 7.547851341532499925e-01 6.415901066090500260e-01
5.062666591520500470e-01 8.140071216655000441e-01 6.924342664010501025e-01 4.266289969809500260e-01 7.534622515791999930e-01 6.391393602782499128e-01
5.042096267972000501e-01 8.100552248847500136e-01 6.917862030631499737e-01 4.251793705780499977e-01 7.523336374313499553e-01 6.367627013163500438e-01
5.020128683501999811e-01 8.116366476681500242e-01 6.911326446609000751e-01 4.231302493246499874e-01 7.512586173098499964e-01 6.344575222282499150e-01
4.991249526494000444e-01 8.082452987639999753e-01 6.904752742963000678e-01 4.210864982090999908e-01 7.469466906455499711e-01 6.322212860532501200e-01
4.977939453202500086e-01 8.045905222309500671e-01 6.898156959464999405e-01 4.202830559502500618e-01 7.427978546085000078e-01 6.300515262062500454e-01
4.955650091645000255e-01 8.011789187216999952e-01 6.891553996596500031e-01 4.192949916842499958e-01 7.388666992589500992e-01 6.279458461544000780e-01
4.933971294015500053e-01 7.979876869297499731e-01 6.884971355832500972e-01 4.177877326923499779e-01 7.351394701412000687e-01 6.259019189359998903e-01
4.912643210206499855e-01 7.949962510991500642e-01 6.869738859341000259e-01 4.162724798386999714e-01 7.316289411160000755e-01 6.239292125488999918e-01
4.892813139574500036e-01 7.921860740827000313e-01 6.850824458079499690e-01 4.147535152114499857e-01 7.283031341904999678e-01 6.220673885850500628e-01
4.881387524940999922e-01 7.895404780554000634e-01 6.832834541226000535e-01 4.135511873383500014e-01 7.251603984361000288e-01 6.202574264129501191e-01
4.869858540526499913e-01 7.870989000989000450e-01 6.815384201126000185e-01 4.125989628517999774e-01 7.222378709932999463e-01 6.184974326829999480e-01
4.858131781402000304e-01 7.848183698253500262e-01 6.798451625548000976e-01 4.116444453858000285e-01 7.194571289659499325e-01 6.167855718804000631e-01
4.846244800249500106e-01 7.826595103697999711e-01 6.782015856431000689e-01 4.106777493329499817e-01 7.184110772724501270e-01 6.151200655141499940e-01
4.834231867408499972e-01 7.810291850756498899e-01 6.766056753474000152e-01 4.098524675252500082e-01 7.176977529311000525e-01 6.134991912343500386e-01
4.811900143722999679e-01 7.803000627554000923e-01 6.750554960481500721e-01 4.090159190909000153e-01 7.169958662926499970e-01 6.119212818843000612e-01
4.792679336869999918e-01 7.796106331573500192e-01 6.735491874305000737e-01 4.081644973083999872e-01 7.163129741059500732e-01 6.103847244967499641e-01
4.778007054602999570e-01 7.790061015124500887e-01 6.720849615684000300e-01 4.067925965377000019e-01 7.156724143534001215e-01 6.088879592487500547e-01
4.760204690141000006e-01 7.784074126866999954e-01 6.706611001893499902e-01 4.056670033007999665e-01 7.150384353188000697e-01 6.074294783647000706e-01
4.739764066343000182e-01 7.778106502907999875e-01 6.692759520790999561e-01 4.046289175043499831e-01 7.144101188244000866e-01 6.062767965725499586e-01
4.721532939940999984e-01 7.772128621877499866e-01 6.679279306235501590e-01 4.031105999756000591e-01 7.137878105914500226e-01 6.054625185770999840e-01
4.707864770913499641e-01 7.766118882414499991e-01 6.666155114543000915e-01 4.015131032484000051e-01 7.131929170776499793e-01 6.042708273075000358e-01
4.694372272938999724e-01 7.760062128702499562e-01 6.653372301956500534e-01 4.001949105630999703e-01 7.125993970701000046e-01 6.028847848212001148e-01
4.680320190906500089e-01 7.753948395827999773e-01 6.640916803055499917e-01 3.991672445182000151e-01 7.111258527309000099e-01 6.015323854511499535e-01
4.666048770787000199e-01 7.747771848269999762e-01 6.633011781247999394e-01 3.981476033126999936e-01 7.095149317382499765e-01 6.002123610684000354e-01
4.652316901533499749e-01 7.741529887685499878e-01 6.622184344300999781e-01 3.971366509014999657e-01 7.079461133142500584e-01 5.989234865283999953e-01
4.639095991795000318e-01 7.735222407955000268e-01 6.610029663884998685e-01 3.961349658638499971e-01 7.064174623277500453e-01 5.976645786693999263e-01
4.626358873195000054e-01 7.728851177958000473e-01 6.598174261895499715e-01 3.951430484188000469e-01 7.049271357620499057e-01 5.964344953022000517e-01
4.614079743230999897e-01 7.722419334161000348e-01 6.586605819340499712e-01 3.941613269354999893e-01 7.034733781962000387e-01 5.952321341799000631e-01
4.602234108524499989e-01 7.715930967531999807e-01 6.575312516432499921e-01 3.931901639643000101e-01 7.020545175505998881e-01 5.940564319700000206e-01
4.590798728843500376e-01 7.709390790605999966e-01 6.564283012802000217e-01 3.922298618395500536e-01 7.006689610435500315e-01 5.929063632141500229e-01
4.579751562099500517e-01 7.702803872539999430e-01 6.553506428634000569e-01 3.912806678691500561e-01 6.993151913602999592e-01 5.917809392981500105e-01
4.569071710516500184e-01 7.696175431364500330e-01 6.542972326671999683e-01 3.903427791433999872e-01 6.979917630279000029e-01 5.906792074128001113e-01
4.558739368234500100e-01 7.689510673929500495e-01 6.532670694944000545e-01 3.894163469945000067e-01 6.966972989604000022e-01 5.896002495309500269e-01
4.547637810853500384e-01 7.682814675579000552e-01 6.522591930203999189e-01 3.885014811240499744e-01 6.954304871920999886e-01 5.885431813878500007e-01
4.536742629639000102e-01 7.676092292369000036e-01 6.512726822083498845e-01 3.875982534258000101e-01 6.941900777614000706e-01 5.875071514690499708e-01
4.526076807404999514e-01 7.669348099837000055e-01 6.503066537834999439e-01 3.867067015243000339e-01 6.930737962378999972e-01 5.864913400176000602e-01
4.515590849677000307e-01 7.662586353311999776e-01 6.493602607660500237e-01 3.858268320450000122e-01 6.923651854764500957e-01 5.854949580453500113e-01
4.505282793531499852e-01 7.655810965166499615e-01 6.484326910634500285e-01 3.849586236397000150e-01 6.912271261191500482e-01 5.845172463630999848e-01
4.495150401613499658e-01 7.649025495637000738e-01 6.475231661096000346e-01 3.841020297858000476e-01 6.900257241603500180e-01 5.835574746332000684e-01
4.485191196493499843e-01 7.642234953988999990e-01 6.466309395608499377e-01 3.832569813644500223e-01 6.888477120817499966e-01 5.826149404279499233e-01
4.475402492151500100e-01 7.635498137764500370e-01 6.457627781599999395e-01 3.824233890459500240e-01 6.876920464909500597e-01 5.816889683113000142e-01
4.465781422783000054e-01 7.628759398695499350e-01 6.450911909078000939e-01 3.816011454884000176e-01 6.865577330062501149e-01 5.807789089422999984e-01
4.456324969182499651e-01 7.622362842084500212e-01 6.444756745144499810e-01 3.807901273618999882e-01 6.854438239383000564e-01 5.798841381949499940e-01
4.447029982833999862e-01 7.613204334187999578e-01 6.438657986173499381e-01 3.799901972186999766e-01 6.843494160848500041e-01 5.790081322131001018e-01
4.437893207908499837e-01 7.606054978927500043e-01 6.432612432126000312e-01 3.792012052074499873e-01 6.832736486354500371e-01 5.781514020361000483e-01
4.428911301220500030e-01 7.599600789516999244e-01 6.426617108727999961e-01 3.784229906571000557e-01 6.822157011650500369e-01 5.773079130189500141e-01
4.420080850508500414e-01 7.593177582558999772e-01 6.420669249799999534e-01 3.776553835216000521e-01 6.811747917333998981e-01 5.766248947081500376e-01
4.411398390893500610e-01 7.586775638853999748e-01 6.414766281135499959e-01 3.768982057185000234e-01 6.801501750706500093e-01 5.759697465547500839e-01
4.402860419910999967e-01 7.580368763362500539e-01 6.408905805782499909e-01 3.761512723461000185e-01 6.791494758233999063e-01 5.753204269428501272e-01
4.394463410991000241e-01 7.573473437090001426e-01 6.403085590598001087e-01 3.754143928027000587e-01 6.781748374540499391e-01 5.746858964628999145e-01
4.386203825723000160e-01 7.566593712163499630e-01 6.397303554061500863e-01 3.746873718089500094e-01 6.774298491322999771e-01 5.740596450513499871e-01
4.378078124803000404e-01 7.559729782819000210e-01 6.391557754932499780e-01 3.739700103419500432e-01 6.766880659182000768e-01 5.734379266806999276e-01
4.370082777919500616e-01 7.552881755292999433e-01 6.385846382035500479e-01 3.732621064876500139e-01 6.759493080277499955e-01 5.728204990345999725e-01
4.362214272598000098e-01 7.546049661328499969e-01 6.380167744760499859e-01 3.725634562134000349e-01 6.752134132312000991e-01 5.722071368185999152e-01
4.354469122010000137e-01 7.539233470350999999e-01 6.374520264398000347e-01 3.718738540798500192e-01 6.744802350155000292e-01 5.715976304841000610e-01
4.346843871995000330e-01 7.532433100332499576e-01 6.368902466123000927e-01 3.711930938706999861e-01 6.737496409552499177e-01 5.709917850441000864e-01
4.339335107235000044e-01 7.525648427487499070e-01 6.363317746401500052e-01 3.705209691794000282e-01 6.730215112526500842e-01 5.704344152247000643e-01
4.331939456697500579e-01 7.518879294768499033e-01 6.357759896264999488e-01 3.698572739302499746e-01 6.722957374311999690e-01 5.699009935063499288e-01
4.324653598336999916e-01 7.512125519265500095e-01 6.352227662841000155e-01 3.692018028470500646e-01 6.715722211736999681e-01 5.693695855872500378e-01
4.317486108222500230e-01 7.505386898681499774e-01 6.346719926093000730e-01 3.685543518767000482e-01 6.708508732835499755e-01 5.688401134126999104e-01
4.310446168202499706e-01 7.498663216808999499e-01 6.341235638019501186e-01 3.679147185709000234e-01 6.701316127498000430e-01 5.683125037506499000e-01
4.303506679386500111e-01 7.491954248227499225e-01 6.335773817781000794e-01 3.672827024214500025e-01 6.694143659237999922e-01 5.677866878874999745e-01
4.296664424938499982e-01 7.485259762273499540e-01 6.330333547080501111e-01 3.666581051593000296e-01 6.686990657667000182e-01 5.672626013424999503e-01
4.289916264392000245e-01 7.478579526329500737e-01 6.324913965938500082e-01 3.660407310254999991e-01 6.679856511937000141e-01 5.667401836012500027e-01
4.283259134493500042e-01 7.471913308511000107e-01 6.319514268740999974e-01 3.654303869978500208e-01 6.672740664708000091e-01 5.662193778682499401e-01
4.276690049784500069e-01 7.465260879873499844e-01 6.314133700603999921e-01 3.648268829981500261e-01 6.665642606892999700e-01 5.657001308299000053e-01
4.270206102833499773e-01 7.458622016144000888e-01 6.308771553965499823e-01 3.642300320703500405e-01 6.658561872848999252e-01 5.651823924347999517e-01
4.263804464285500528e-01 7.451996499110500327e-01 6.303427165470000260e-01 3.636396505310500182e-01 6.651498036109000367e-01 5.646661156923999947e-01
4.257482382665999654e-01 7.445384117606500540e-01 6.298099912997499050e-01 3.630555580973000573e-01 6.644450705574999061e-01 5.641512564775499339e-01
4.251237183953500143e-01 7.438784668298500380e-01 6.292789212974501112e-01 3.624775779993499869e-01 6.637419522085999946e-01 5.636377733503000753e-01
4.245066271053500317e-01 7.432197956143500317e-01 6.287494517825500395e-01 3.619055370639500113e-01 6.630404155328999405e-01 5.631256273904500231e-01
4.238967123028999917e-01 7.425623794722999715e-01 6.282215313655500344e-01 3.613392657905999950e-01 6.623404301080999534e-01 5.626147820371499852e-01
4.232937294256500227e-01 7.419062006398999820e-01 6.276951117982000339e-01 3.607785984061999685e-01 6.616419678735000476e-01 5.621052029400500638e-01
4.226974413392999841e-01 7.412512422270499668e-01 6.271701477761000287e-01 3.602233729061500300e-01 6.609450029101500146e-01 5.615968578243000220e-01
4.221076182352000439e-01 7.405974882120999192e-01 6.266496871990500095e-01 3.596734310815500324e-01 6.602495112376499664e-01 5.610897163571999524e-01
4.215240375055500088e-01 7.399449234176500578e-01 6.261304900380000316e-01 3.591286185349999438e-01 6.595554706347999119e-01 5.605837500274499785e-01
4.209464836185000114e-01 7.392935334919999990e-01 6.256125061301499590e-01 3.585887846869500462e-01 6.588628604813500100e-01 5.600789320308500185e-01
4.203747479843500390e-01 7.386433048723500816e-01 6.250957052419999771e-01 3.580537827719500465e-01 6.581716616102999406e-01 5.595752371681499415e-01
4.198086288205500338e-01 7.379942247567999880e-01 6.245800590510499628e-01 3.575234698223500041e-01 6.574818561772499681e-01 5.590726417354999755e-01
4.192479310008000448e-01 7.373462810613999885e-01 6.240655410228500566e-01 3.569977066481500594e-01 6.567934275430999946e-01 5.585711234399000080e-01
4.186924659144500294e-01 7.366994623900000594e-01 6.235521262870999948e-01 3.564763578084499951e-01 6.561063601664500755e-01 5.580706613069000843e-01
4.181420513113000004e-01 7.360537579912000972e-01 6.230397915272999354e-01 3.559592915742499919e-01 6.554206395099000382e-01 5.575712355984501212e-01
4.175965111537500163e-01 7.354091577215999820e-01 6.225285148800501211e-01 3.554463798933999996e-01 6.547362519536998882e-01 5.570728277369499937e-01
4.170556754575500125e-01 7.347656520081500275e-01 6.220182758343500984e-01 3.549374983370500169e-01 6.540531847153999712e-01 5.565754202307999776e-01
4.165193801411499752e-01 7.341232318138000146e-01 6.215090551440999311e-01 3.544325260570500569e-01 6.533714257793999947e-01 5.560789966100000425e-01
4.159874668663999797e-01 7.334818885991999382e-01 6.210008347447499855e-01 3.539313457246500150e-01 6.526909638358000532e-01 5.555835413591000416e-01
4.154597828866999909e-01 7.328416142904500274e-01 6.204935976733499947e-01 3.534338434798000028e-01 6.520117882200500148e-01 5.550890398603500753e-01
4.149361808895499770e-01 7.322024012457001296e-01 6.199873279990999464e-01 3.529399088658000117e-01 6.513338888617499212e-01 5.545954783362000429e-01
4.144165188443499903e-01 7.315642422288000102e-01 6.194820107494499739e-01 3.524494347696000562e-01 6.506572562348500455e-01 5.541028437977499888e-01
4.139006598479999521e-01 7.309271303734500291e-01 6.189776318546500455e-01 3.519623173561500229e-01 6.499818813194000455e-01 5.536111239945499252e-01
4.133884719722000223e-01 7.302910591642000071e-01 6.184741780808499234e-01 3.514784560002500169e-01 6.493077555564999992e-01 5.531203073715500462e-01
4.128798281196000008e-01 7.296560224072500267e-01 6.179716369818500921e-01 3.509977532213500173e-01 6.486348708157501086e-01 5.526303830239999160e-01
4.123746058684499838e-01 7.290220142059499198e-01 6.174699968419500307e-01 3.505201146128999468e-01 6.479632193639000004e-01 5.521294452384999385e-01
4.118726873343999673e-01 7.283890289418000208e-01 6.169692466309499856e-01 3.500454487706000095e-01 6.472932492160501372e-01 5.515728173269000001e-01
4.113739590216000108e-01 7.277571245651999199e-01 6.164705294710000061e-01 3.495736672276500423e-01 6.466259122933000203e-01 5.510182312914999603e-01
4.108783116870999841e-01 7.271277768997000956e-01 6.159740840993500610e-01 3.491046843783500164e-01 6.459597121726500246e-01 5.504656316478500067e-01
4.103856402022499905e-01 7.264993747418500014e-01 6.154784891520500567e-01 3.486384174096000543e-01 6.452946458949000430e-01 5.499149654057999825e-01
4.098958434129000294e-01 7.258719162695499438e-01 6.149837361270500402e-01 3.481747862312500330e-01 6.446307106126499820e-01 5.493661819658500756e-01
4.094088240143000101e-01 7.252453997191500301e-01 6.144898169997999871e-01 3.477137134016000108e-01 6.439679035802499119e-01 5.488192330039499689e-01
4.089244884177999917e-01 7.246185515669000266e-01 6.139967241892501093e-01 3.472551240626500224e-01 6.433062221435500438e-01 5.482740723704000452e-01
4.084427466276500107e-01 7.239841634838999340e-01 6.135044505341999965e-01 3.467989458654999746e-01 6.426456637259000404e-01 5.477306559914500994e-01
4.079635121127500041e-01 7.233514675130500171e-01 6.130129892614000209e-01 3.463451089051999832e-01 6.419862258278999922e-01 5.471889417744999484e-01
4.074867016924999530e-01 7.227204240383500178e-01 6.125223339627500208e-01 3.458935456481500026e-01 6.413279060121999109e-01 5.466488895176500051e-01
4.070122354177500013e-01 7.220909953265000070e-01 6.120324785713000537e-01 3.454441908692000296e-01 6.406707018996499192e-01 5.461104608215999745e-01
4.065400364561000401e-01 7.214631454375500796e-01 6.115434173392499950e-01 3.449969815819000085e-01 6.400146111659000825e-01 5.455736190091999838e-01
4.060700309811500208e-01 7.208368401351999966e-01 6.110551448179000200e-01 3.445518569743500348e-01 6.393596315315500656e-01 5.450383290467000208e-01
4.056021480665000234e-01 7.202120468022999988e-01 6.105676558359999229e-01 3.441087583427500096e-01 6.387057607609498699e-01 5.445045574685999368e-01
4.051363195814999818e-01 7.195887343625499977e-01 6.100809454859998926e-01 3.436676290307000281e-01 6.380529966560999355e-01 5.439722723027500262e-01
4.046724800850000081e-01 7.189668732027499898e-01 6.095950091027499962e-01 3.432284143662500675e-01 6.374013370536500966e-01 5.434414430057500356e-01
4.042105667345999853e-01 7.183464351040500517e-01 6.091098422515499600e-01 3.427910615997999955e-01 6.367507798217999504e-01 5.429120403950999929e-01
4.037505191843500096e-01 7.177273931687500053e-01 6.086254407117500653e-01 3.423555198425999868e-01 6.361013228544000198e-01 5.423840365854499801e-01
4.032922794951000478e-01 7.171097217586999140e-01 6.081418004620000595e-01 3.419217400135499685e-01 6.354529640744499552e-01 5.418574049334000664e-01
4.028357920451000052e-01 7.164933964340000072e-01 6.076589176704000339e-01 3.414896747764499807e-01 6.348057014247000529e-01 5.413321199738999612e-01
4.023810034409499581e-01 7.158783938906999600e-01 6.071767886782498680e-01 3.410592784872000238e-01 6.341595328701500334e-01 5.408081573707500533e-01
4.019278624372499831e-01 7.152646919071500298e-01 6.066954099936999745e-01 3.406305071358500247e-01 6.335144563950000363e-01 5.402854938636000304e-01
4.014763198500500563e-01 7.146522692910500796e-01 6.062147782792999262e-01 3.402033182985500503e-01 6.328704699999999628e-01 5.397641072158999576e-01
4.010263284819999829e-01 7.140411058287999824e-01 6.057348903385000316e-01 3.397776710806000300e-01 6.322275717029499642e-01 5.392439761712500834e-01
4.005778430470999796e-01 7.134311822354499899e-01 6.052557431132499222e-01 3.393535260658500086e-01 6.315857595330999219e-01 5.387250804025001116e-01
4.001308200921500080e-01 7.128224801124500853e-01 6.047773336698000213e-01 3.389308452727000098e-01 6.309450315358000605e-01 5.382074004750500018e-01
3.996852179321500054e-01 7.122149819014499394e-01 6.042996591945499762e-01 3.385095920978000161e-01 6.303053857685000372e-01 5.376909178002999834e-01
3.992409965749499912e-01 7.116086708432499686e-01 6.038227169841999808e-01 3.380897312753000095e-01 6.296668202970999717e-01 5.371756146023001222e-01
3.987981176608499934e-01 7.110035309416500304e-01 6.033465044382499975e-01 3.376712288305500076e-01 6.290293332003999982e-01 5.366614738712499610e-01
3.983565443963000274e-01 7.103995469217999625e-01 6.028710190547998948e-01 3.372540520317499624e-01 6.283929225655500161e-01 5.361484793355999479e-01
3.979162414899999889e-01 7.097967041977499836e-01 6.023962584262000375e-01 3.368381693517499831e-01 6.277575864897000368e-01 5.356366154264499135e-01
