0.000000000000000000e+00 0.000000000000000000e+00 0.000000000000000000e+00 0.000000000000000000e+00 0.000000000000000000e+00 0.000000000000000000e+00
0.000000000000000000e+00 0.000000000000000000e+00 0.000000000000000000e+00 0.000000000000000000e+00 0.000000000000000000e+00 0.000000000000000000e+00
0.000000000000000000e+00 0.000000000000000000e+00 0.000000000000000000e+00 0.000000000000000000e+00 0.000000000000000000e+00 0.000000000000000000e+00
0.000000000000000000e+00 0.000000000000000000e+00 0.000000000000000000e+00 0.000000000000000000e+00 0.000000000000000000e+00 0.000000000000000000e+00
0.000000000000000000e+00 0.000000000000000000e+00 0.000000000000000000e+00 0.000000000000000000e+00 0.000000000000000000e+00 0.000000000000000000e+00
0.000000000000000000e+00 0.000000000000000000e+00 0.000000000000000000e+00 0.000000000000000000e+00 0.000000000000000000e+00 0.000000000000000000e+00
0.000000000000000000e+00 0.000000000000000000e+00 0.000000000000000000e+00 0.000000000000000000e+00 0.000000000000000000e+00 0.000000000000000000e+00
0.000000000000000000e+00 0.000000000000000000e+00 0.000000000000000000e+00 0.000000000000000000e+00 0.000000000000000000e+00 0.000000000000000000e+00
0.000000000000000000e+00 0.000000000000000000e+00 0.000000000000000000e+00 0.000000000000000000e+00 0.000000000000000000e+00 0.000000000000000000e+00
0.000000000000000000e+00 0.000000000000000000e+00 0.000000000000000000e+00 0.000000000000000000e+00 0.000000000000000000e+00 0.000000000000000000e+00
0.000000000000000000e+00 0.000000000000000000e+00 0.000000000000000000e+00 0.000000000000000000e+00 0.000000000000000000e+00 0.000000000000000000e+00
0.000000000000000000e+00 0.000000000000000000e+00 0.000000000000000000e+00 0.000000000000000000e+00 0.000000000000000000e+00 0.000000000000000000e+00
0.000000000000000000e+00 0.000000000000000000e+00 0.000000000000000000e+00 0.000000000000000000e+00 0.000000000000000000e+00 0.000000000000000000e+00
4.259368927399999744e-07 4.242626526190000208e-06 2.084621014619999861e-05 5.216310024589999822e-07 5.195780119339999730e-06 2.552908063540000139e-05
7.472624714449999789e-03 6.928942600609999669e-02 2.545754982019999835e-01 8.369032508970000034e-03 7.748519988240000489e-02 2.826937992690000123e-01
4.721282361319999871e-02 3.938319705989999919e-01 1.041242423709999976e+00 4.760745126319999854e-02 3.948521620059999848e-01 1.023778386989999900e+00
1.166530246379999941e-01 8.738470361079999638e-01 1.757621810020000064e+00 1.051434693000000004e-01 7.889567816879999862e-01 1.534634660540000084e+00
2.031673883859999863e-01 1.364014361620000004e+00 2.215812215300000165e+00 1.660323609480000018e-01 1.127839323119999904e+00 1.715600866229999966e+00
2.957977073390000156e-01 1.779432159239999978e+00 2.450471103349999957e+00 2.216494853419999911e-01 1.348082980540000086e+00 1.666076397040000101e+00
3.881057893739999765e-01 2.099384722579999973e+00 2.545719149369999990e+00 2.671229878260000246e-01 1.458554142979999968e+00 1.496864544229999927e+00
4.760125612810000018e-01 2.336447621020000032e+00 2.543278905569999804e+00 3.006979274350000120e-01 1.485083152849999921e+00 1.286342164009999900e+00
5.545978689080000024e-01 2.503876609210000215e+00 2.484720510419999862e+00 3.242324962559999801e-01 1.452782709649999893e+00 1.076147664250000080e+00
6.233799928829999448e-01 2.598700282689999863e+00 2.386828095059999821e+00 3.392835825719999754e-01 1.383564715069999895e+00 8.933396917079999833e-01
6.833234396659999543e-01 2.644583833600000045e+00 2.270201625879999963e+00 3.481810720390000058e-01 1.289541058880000035e+00 7.471815094029999882e-01
7.335258711709999879e-01 2.650015296379999885e+00 2.149185977940000214e+00 3.525452991879999831e-01 1.184769573649999908e+00 6.377827115930000401e-01
7.758665644579999521e-01 2.620083692660000185e+00 2.034360479470000094e+00 3.535340101650000233e-01 1.080926320429999921e+00 5.593194409909999498e-01
8.107286343220000413e-01 2.574115863179999852e+00 1.916901240889999913e+00 3.524619808180000091e-01 9.811042103199999476e-01 5.047484852060000193e-01
8.388062392239999943e-01 2.500753736230000079e+00 1.808786259339999924e+00 3.498037540060000006e-01 8.898546909060000010e-01 4.681025939319999885e-01
8.615764245860000337e-01 2.418200818409999897e+00 1.710629499860000013e+00 3.461637813399999763e-01 8.090295891830000530e-01 4.429528848939999763e-01
8.791799450630000123e-01 2.326741550870000008e+00 1.622539625659999984e+00 3.419870583269999931e-01 7.394824051030000067e-01 4.257219588160000012e-01
8.925700468330000081e-01 2.232343346429999986e+00 1.543154537449999975e+00 3.375605203540000265e-01 6.805839794479999760e-01 4.143014516819999993e-01
9.025453153160000186e-01 2.135066436049999794e+00 1.473863826010000100e+00 3.331842958890000039e-01 6.315091857029999645e-01 4.063383335629999760e-01
9.091271572310000160e-01 2.039842077559999911e+00 1.411363815100000085e+00 3.285491226689999933e-01 5.913165546559999708e-01 4.007439514660000035e-01
9.132092011450000379e-01 1.946695921839999954e+00 1.356610526919999948e+00 3.240274474839999752e-01 5.590662127500000134e-01 3.963035031530000030e-01
9.151422405319999953e-01 1.859203796210000093e+00 1.308782345730000074e+00 3.196237149019999779e-01 5.322783456380000278e-01 3.927870890929999748e-01
9.150935452259999492e-01 1.777176728799999994e+00 1.267138030619999967e+00 3.153361411119999791e-01 5.109694434879999969e-01 3.901318565190000087e-01
9.135161115850000124e-01 1.700251510229999985e+00 1.231017593100000029e+00 3.112680803860000123e-01 4.938884642840000172e-01 3.877980949939999755e-01
9.108831763989999608e-01 1.628814690320000036e+00 1.199289154019999915e+00 3.072767068750000274e-01 4.800521246669999798e-01 3.858307420359999851e-01
9.069022114120000033e-01 1.564106953380000053e+00 1.171124444389999963e+00 3.035268335949999896e-01 4.685504644269999908e-01 3.839615635220000045e-01
9.020913720780000533e-01 1.506349802009999905e+00 1.146796369070000043e+00 2.998458740030000014e-01 4.599374971069999929e-01 3.821886433369999780e-01
8.965137642029999965e-01 1.452245491640000052e+00 1.125687196099999898e+00 2.964373425549999830e-01 4.525051769569999882e-01 3.806582215309999850e-01
8.904581521959999968e-01 1.404947014470000033e+00 1.106920644789999963e+00 2.930794826429999889e-01 4.465007205450000072e-01 3.791247961440000203e-01
8.838776190529999965e-01 1.363260652569999953e+00 1.090849379130000019e+00 2.898969871070000148e-01 4.420338324299999955e-01 3.777319344919999877e-01
8.770492124450000038e-01 1.326909056180000102e+00 1.076630932230000059e+00 2.867889163549999787e-01 4.380571551069999958e-01 3.763756610860000129e-01
8.698895163009999765e-01 1.294691459240000064e+00 1.064201993980000038e+00 2.838292869219999903e-01 4.350978950819999747e-01 3.751115723489999998e-01
8.625768986720000475e-01 1.266545813220000039e+00 1.053406756010000001e+00 2.810159192489999902e-01 4.327729311149999814e-01 3.738810250969999971e-01
8.551611965500000023e-01 1.242125883349999960e+00 1.043905939050000065e+00 2.783463208770000086e-01 4.306500280869999808e-01 3.726874718980000001e-01
8.477956424620000098e-01 1.221185271179999976e+00 1.035481024429999897e+00 2.757756372819999968e-01 4.289122321059999909e-01 3.715602866759999956e-01
8.403046193369999584e-01 1.203294517850000078e+00 1.028119901619999998e+00 2.734362755320000060e-01 4.275081177310000036e-01 3.704558305430000198e-01
8.329764305700000371e-01 1.188237134099999981e+00 1.021575156259999950e+00 2.712192315410000276e-01 4.263726560100000174e-01 3.693214732719999893e-01
8.256562617589999764e-01 1.175577994930000036e+00 1.015780356090000058e+00 2.689872051930000119e-01 4.252226566319999845e-01 3.683499350700000230e-01
8.184500710200000029e-01 1.164789720829999986e+00 1.010612192890000038e+00 2.669585907979999950e-01 4.243205434599999770e-01 3.674100033570000257e-01
8.114570240859999561e-01 1.155892308200000107e+00 1.005989662069999957e+00 2.649150003829999767e-01 4.235527193440000171e-01 3.664762592310000233e-01
8.045455196380000285e-01 1.148361559630000084e+00 1.001791882750000084e+00 2.629659437479999751e-01 4.227950442399999731e-01 3.655970717309999785e-01
7.978060866099999648e-01 1.142272863599999910e+00 9.977568298060000007e-01 2.610990072589999822e-01 4.221567666509999928e-01 3.647756772769999989e-01
7.913513816730000094e-01 1.137020449670000044e+00 9.943589423099999935e-01 2.592947164789999870e-01 4.215462923000000139e-01 3.639432582430000007e-01
7.849550613679999733e-01 1.132749154709999928e+00 9.912979519000000295e-01 2.575706150700000086e-01 4.209147496649999765e-01 3.631017559979999865e-01
7.788646861710000202e-01 1.129521840930000076e+00 9.884311399180000235e-01 2.559899396199999955e-01 4.204159376909999968e-01 3.623296694620000147e-01
7.728791468560000100e-01 1.126621431750000069e+00 9.859092857640000540e-01 2.544546288630000208e-01 4.199090858219999833e-01 3.615342218829999954e-01
7.672309582430000274e-01 1.124293213649999901e+00 9.834441278729999514e-01 2.529244636760000220e-01 4.193889190580000204e-01 3.608038066640000263e-01
7.615659253530000505e-01 1.122585217169999927e+00 9.812425984560000369e-01 2.515104493709999778e-01 4.188964149959999994e-01 3.600870946640000181e-01
7.562342630120000297e-01 1.121287293049999967e+00 9.791436187180000417e-01 2.501375974999999752e-01 4.184388695510000145e-01 3.594240797230000006e-01
7.510257451259999550e-01 1.120279826009999979e+00 9.772645979890000056e-01 2.488314472039999947e-01 4.179551736850000143e-01 3.587903526089999962e-01
7.461258337949999708e-01 1.119290257909999919e+00 9.753700445290000021e-01 2.475673146379999967e-01 4.175239898120000070e-01 3.581349637530000241e-01
7.413734434030000431e-01 1.118554136320000003e+00 9.737155834549999778e-01 2.463408504869999960e-01 4.170378896470000041e-01 3.575209851980000186e-01
7.368935705600000441e-01 1.118002198659999946e+00 9.720078643680000186e-01 2.451782013469999966e-01 4.166132071179999841e-01 3.568958745010000211e-01
7.323687464829999882e-01 1.117533790510000014e+00 9.705390361879999706e-01 2.440636389510000004e-01 4.161388660520000116e-01 3.562574254520000094e-01
7.281155080469999819e-01 1.116945893100000031e+00 9.689815871850000484e-01 2.429762796799999902e-01 4.157163404909999804e-01 3.555986212069999763e-01
7.239721738740000356e-01 1.116569099519999941e+00 9.676094593030000190e-01 2.419314172489999970e-01 4.153124079480000064e-01 3.550486485259999880e-01
7.200135164540000243e-01 1.116217727039999996e+00 9.662184095560000241e-01 2.409240659259999917e-01 4.148083184320000005e-01 3.544960937459999961e-01
7.162173676140000111e-01 1.115754159229999987e+00 9.649182178720000502e-01 2.399502553600000032e-01 4.143692029969999746e-01 3.539860040419999798e-01
7.126656538950000286e-01 1.115378732029999931e+00 9.637087898509999473e-01 2.390133959680000031e-01 4.138845746659999825e-01 3.534698144749999771e-01
7.090963549240000274e-01 1.114932736379999900e+00 9.625043876759999950e-01 2.381164162430000064e-01 4.133496512170000137e-01 3.529606526810000200e-01
7.057182141319999769e-01 1.114427770210000057e+00 9.613257814090000464e-01 2.372317178209999988e-01 4.129092756630000083e-01 3.524743453629999856e-01
7.024711784210000420e-01 1.114013318230000049e+00 9.600790291930000331e-01 2.363817204010000006e-01 4.124304828140000212e-01 3.519864110909999844e-01
6.994121234110000085e-01 1.113423113360000105e+00 9.589654143319999990e-01 2.355676431540000004e-01 4.120250857300000180e-01 3.514906149989999729e-01
6.964415055779999975e-01 1.112807263709999939e+00 9.578668275749999683e-01 2.347836734969999950e-01 4.115390714989999865e-01 3.510247725050000267e-01
6.935721771480000131e-01 1.112321613149999999e+00 9.568052000719999839e-01 2.340140462510000019e-01 4.111036739550000263e-01 3.504930885740000224e-01
6.908335289860000339e-01 1.111699754930000061e+00 9.557225378170000063e-01 2.332897244530000025e-01 4.106685801450000173e-01 3.500575891339999801e-01
6.881843433280000477e-01 1.110907265490000073e+00 9.547280643259999922e-01 2.325821636550000071e-01 4.102338230370000116e-01 3.495794969550000131e-01
6.856158008010000415e-01 1.110264652709999966e+00 9.537151835099999531e-01 2.318894419579999866e-01 4.097994362599999829e-01 3.491456611889999784e-01
6.832096064320000162e-01 1.109481034439999902e+00 9.527161217230000201e-01 2.312025244929999945e-01 4.093641569950000059e-01 3.486866279370000044e-01
6.808570572550000088e-01 1.108761656129999995e+00 9.517993461510000364e-01 2.305617093910000137e-01 4.089319047969999787e-01 3.482847520960000165e-01
6.786558824270000345e-01 1.108039161720000054e+00 9.508530693109999987e-01 2.299288927600000032e-01 4.084988218289999917e-01 3.478389879220000203e-01
6.765227790929999596e-01 1.107281603079999899e+00 9.498921822610000287e-01 2.293296781289999864e-01 4.080662317950000118e-01 3.474445399050000161e-01
6.745704969800000450e-01 1.106474373449999993e+00 9.489454270329999996e-01 2.287188522530000101e-01 4.076345840000000220e-01 3.470187419260000183e-01
6.725750699400000476e-01 1.105714572289999920e+00 9.479999852010000394e-01 2.281430389040000062e-01 4.071897935820000258e-01 3.466161371820000170e-01
6.706353653009999860e-01 1.104910304309999924e+00 9.470560614809999667e-01 2.275931615850000089e-01 4.067836756800000120e-01 3.462209291560000013e-01
6.687756998689999843e-01 1.104120678859999982e+00 9.461649051089999762e-01 2.270480334910000009e-01 4.063472339809999778e-01 3.458100825859999894e-01
6.669351959160000343e-01 1.103265813980000010e+00 9.452659012999999888e-01 2.265170279650000063e-01 4.059114863130000028e-01 3.454304963970000197e-01
6.651843997859999691e-01 1.102413003119999901e+00 9.443936181569999588e-01 2.259883298060000045e-01 4.055004273519999813e-01 3.450286404930000272e-01
6.635352105239999965e-01 1.101583322370000007e+00 9.434533559800000191e-01 2.254753528829999965e-01 4.050743180629999829e-01 3.446607001320000085e-01
6.619224468190000321e-01 1.100779749740000035e+00 9.425982216930000046e-01 2.249759717610000098e-01 4.046499813669999779e-01 3.442528676759999962e-01
6.603677397439999819e-01 1.099843636879999975e+00 9.417480272289999732e-01 2.244920502230000059e-01 4.042278670760000026e-01 3.439039840270000092e-01
6.588047401290000327e-01 1.098952993369999964e+00 9.409202311909999894e-01 2.240242832119999916e-01 4.037918551760000252e-01 3.434893036739999905e-01
6.573348117220000342e-01 1.098088370049999929e+00 9.400834491939999982e-01 2.235692731299999958e-01 4.034076933140000043e-01 3.431546900419999990e-01
6.558826890610000016e-01 1.097121482589999975e+00 9.392471554850000404e-01 2.231193412699999934e-01 4.030031889039999982e-01 3.427527662290000277e-01
6.544845391920000033e-01 1.096159634159999952e+00 9.384655922960000174e-01 2.226798321350000054e-01 4.025787636390000257e-01 3.424112715679999974e-01
6.531799117740000327e-01 1.095315009099999903e+00 9.376599376159999721e-01 2.222493285040000044e-01 4.021497666409999949e-01 3.420238659759999855e-01
6.518623313839999600e-01 1.094392550970000100e+00 9.368491187190000069e-01 2.218298252289999939e-01 4.017217713780000254e-01 3.416792961210000090e-01
6.506219347689999877e-01 1.093512627840000029e+00 9.360807760929999999e-01 2.214089188130000108e-01 4.012947337339999865e-01 3.413024068519999732e-01
6.493771122479999880e-01 1.092606272510000087e+00 9.352988083679999454e-01 2.210050092259999988e-01 4.008686160950000188e-01 3.409560356810000248e-01
6.481996648740000477e-01 1.091724366530000045e+00 9.344741742669999685e-01 2.205932878309999901e-01 4.004507336929999939e-01 3.405940129269999783e-01
6.470622213129999523e-01 1.090869872969999932e+00 9.336072047390000517e-01 2.202141895549999950e-01 4.000454410279999928e-01 3.402312674340000065e-01
6.459058261019999803e-01 1.089914406269999914e+00 9.328796495009999967e-01 2.198294893739999867e-01 3.996407828440000087e-01 3.398955936060000238e-01
6.448176529100000387e-01 1.088767100379999908e+00 9.321213143609999863e-01 2.194508444490000099e-01 3.992367600599999733e-01 3.395264355609999840e-01
6.437466504940000389e-01 1.087826648929999918e+00 9.313194532690000083e-01 2.190799111729999915e-01 3.988333733269999737e-01 3.391983579910000102e-01
6.426740308420000325e-01 1.086911104519999949e+00 9.305826133460000094e-01 2.187129472060000135e-01 3.984306230649999891e-01 3.388296326640000133e-01
6.416612785490000137e-01 1.086090064990000048e+00 9.298230371000000272e-01 2.183566353520000058e-01 3.980285095000000162e-01 3.385047754830000089e-01
6.406527848190000096e-01 1.085175995209999966e+00 9.290580170379999503e-01 2.179936836230000063e-01 3.976115145579999788e-01 3.381304763540000091e-01
6.396806742680000157e-01 1.084295925860000009e+00 9.282863266090000121e-01 2.176480110229999931e-01 3.972222130390000161e-01 3.378252727839999858e-01
6.387100064649999798e-01 1.083405131839999980e+00 9.275034435460000060e-01 2.172950026350000119e-01 3.967990153879999982e-01 3.374448955029999975e-01
6.377288408279999654e-01 1.082457115780000034e+00 9.266824950480000433e-01 2.169680753480000002e-01 3.963914145610000217e-01 3.371368483689999862e-01
6.367903970060000418e-01 1.081618813920000033e+00 9.259620011889999613e-01 2.166227986150000007e-01 3.959770528459999883e-01 3.367737775829999780e-01
6.359290339449999996e-01 1.080734687000000083e+00 9.252448161630000278e-01 2.162927193180000096e-01 3.955633820910000042e-01 3.364557273530000003e-01
6.349936780930000024e-01 1.079931641810000009e+00 9.244532431999999966e-01 2.159616060669999893e-01 3.951504016430000266e-01 3.361036309370000197e-01
6.341365861759999945e-01 1.079092852230000066e+00 9.237810434419999606e-01 2.156457502939999882e-01 3.947381107749999840e-01 3.357793729349999867e-01
6.332019327690000532e-01 1.078136731879999921e+00 9.229825189450000522e-01 2.153215365960000072e-01 3.943265086980000111e-01 3.354377756470000027e-01
6.323228412689999578e-01 1.077323328949999937e+00 9.222383881739999456e-01 2.150056214970000046e-01 3.939155945669999825e-01 3.351079988239999974e-01
6.314606090030000507e-01 1.076377132780000023e+00 9.214708406610000457e-01 2.146812906199999926e-01 3.935059758850000255e-01 3.347774577429999954e-01
6.306236296710000522e-01 1.075510817579999889e+00 9.207056915150000354e-01 2.143755750520000003e-01 3.930958265500000270e-01 3.344376869499999794e-01
6.297568578469999734e-01 1.074743748179999958e+00 9.200061432799999661e-01 2.140689364530000138e-01 3.926869707719999880e-01 3.341233463619999733e-01
6.289627183549999501e-01 1.073889237599999991e+00 9.192742275220000536e-01 2.137613395880000045e-01 3.923062871960000253e-01 3.337644159609999828e-01
6.281382526650000075e-01 1.073005561680000053e+00 9.185680849680000204e-01 2.134559459969999906e-01 3.918888646500000017e-01 3.334720500080000094e-01
6.273638616119999734e-01 1.072059256980000042e+00 9.178657211870000499e-01 2.131657872269999976e-01 3.914898160149999917e-01 3.331121060639999909e-01
6.266476616120000287e-01 1.071226186829999927e+00 9.171391049710000409e-01 2.128698729490000052e-01 3.911147157059999824e-01 3.328168218329999872e-01
6.259892518830000308e-01 1.070336121460000012e+00 9.164076427189999929e-01 2.125755916310000104e-01 3.907053336299999846e-01 3.324633082219999869e-01
6.252089890449999965e-01 1.069451399799999924e+00 9.157098225609999753e-01 2.122789078929999962e-01 3.903230956979999999e-01 3.321665451249999901e-01
6.243311237190000140e-01 1.068574152719999892e+00 9.150308472729999920e-01 2.119905245940000016e-01 3.899414542360000180e-01 3.318124569020000081e-01
6.234796085210000394e-01 1.067768819519999912e+00 9.143542043410000097e-01 2.117085439009999959e-01 3.895604084140000256e-01 3.315166788089999872e-01
6.227569568499999875e-01 1.066929619459999978e+00 9.136479187329999974e-01 2.114244800589999973e-01 3.891580330909999996e-01 3.311703400459999891e-01
6.220321358139999646e-01 1.066041811590000110e+00 9.129581393619999874e-01 2.111316777320000060e-01 3.887537735520000259e-01 3.308673232070000192e-01
6.212938168310000453e-01 1.065159384520000030e+00 9.122605817890000468e-01 2.108554454419999946e-01 3.883501958400000231e-01 3.305344319119999930e-01
6.205389092480000368e-01 1.064357719890000054e+00 9.115456415110000377e-01 2.105801899080000095e-01 3.879472988070000183e-01 3.302163557960000051e-01
6.197978937379999831e-01 1.063470593939999986e+00 9.108447252400000416e-01 2.103057817869999901e-01 3.875450813030000274e-01 3.299039061469999923e-01
6.190720673349999759e-01 1.062612001670000028e+00 9.101600424110000143e-01 2.100264426710000132e-01 3.871615137659999983e-01 3.295714420770000097e-01
6.183860351719999704e-01 1.061652602169999904e+00 9.094262057909999752e-01 2.097461728349999943e-01 3.867696130500000162e-01 3.292437916190000258e-01
6.177066993669999562e-01 1.060865544819999950e+00 9.087748936739999950e-01 2.094818258889999951e-01 3.863716918449999760e-01 3.289133574479999877e-01
6.170029642759999877e-01 1.059988079080000034e+00 9.080261063040000469e-01 2.092004610369999906e-01 3.859824407560000226e-01 3.285839897130000131e-01
6.162636100649999671e-01 1.059109359440000064e+00 9.073364440490000460e-01 2.089233325479999959e-01 3.855960255049999952e-01 3.282556542310000047e-01
6.155703550859999984e-01 1.058283849479999983e+00 9.066339932579999816e-01 2.086585312710000084e-01 3.852200656959999803e-01 3.279283189600000203e-01
6.148601170919999470e-01 1.057435888149999892e+00 9.059751913789999556e-01 2.083974794779999973e-01 3.848070452310000111e-01 3.276019538550000165e-01
6.141593170160000170e-01 1.056607368100000111e+00 9.052457555439999970e-01 2.081365404190000101e-01 3.844324234750000069e-01 3.272765307409999935e-01
6.134747469789999519e-01 1.055847559680000103e+00 9.045610861609999498e-01 2.078702399669999923e-01 3.840483493999999887e-01 3.269739500950000211e-01
6.128062751499999683e-01 1.054939000609999900e+00 9.038978448790000453e-01 2.076052230400000087e-01 3.836445419360000053e-01 3.266406666419999771e-01
6.121205770450000028e-01 1.054158442889999936e+00 9.032397275329999697e-01 2.073436680919999997e-01 3.832740107829999965e-01 3.263569748130000225e-01
6.114330181520000185e-01 1.053349352739999967e+00 9.025261798820000125e-01 2.070735704630000118e-01 3.828960419479999766e-01 3.260122157550000010e-01
6.107266702220000010e-01 1.052532224429999941e+00 9.018746035339999523e-01 2.068223907839999987e-01 3.824982559239999969e-01 3.257297519039999978e-01
6.100079705249999984e-01 1.051654754599999908e+00 9.011720734000000510e-01 2.065616922010000134e-01 3.821380983870000247e-01 3.253970261870000047e-01
6.093766084330000110e-01 1.050869566040000036e+00 9.005226086259999763e-01 2.063027680570000133e-01 3.817339644259999942e-01 3.251007525090000017e-01
6.087036265719999450e-01 1.050022870729999891e+00 8.998856661259999612e-01 2.060517561449999868e-01 3.813674654390000196e-01 3.247855542090000158e-01
6.080350572760000460e-01 1.049180591230000070e+00 8.991507057340000220e-01 2.058000545399999992e-01 3.809656638739999934e-01 3.244687116730000098e-01
6.073884077669999826e-01 1.048428916320000015e+00 8.984742312490000549e-01 2.055385571180000093e-01 3.805648657630000264e-01 3.241757414120000069e-01
6.067524759879999730e-01 1.047603426900000079e+00 8.978277104520000496e-01 2.052928314190000103e-01 3.802141970940000060e-01 3.238408962650000111e-01
6.061003591789999589e-01 1.046769455099999968e+00 8.971450471130000270e-01 2.050317464549999968e-01 3.798066734330000083e-01 3.235590761220000222e-01
6.054267067949999914e-01 1.046042471930000106e+00 8.964669862020000490e-01 2.047731057309999936e-01 3.794265193649999923e-01 3.232250430560000276e-01
6.047546854549999962e-01 1.045165874460000088e+00 8.957949647439999996e-01 2.045194911400000093e-01 3.790728070550000162e-01 3.229293718189999995e-01
6.040850480389999833e-01 1.044348394430000049e+00 8.951397414130000119e-01 2.042747028920000041e-01 3.786707026969999834e-01 3.226086447809999869e-01
6.034236698389999765e-01 1.043499089029999993e+00 8.944818671199999960e-01 2.040222454919999873e-01 3.782940375039999803e-01 3.222889041800000021e-01
6.027824365639999904e-01 1.042686840960000083e+00 8.937946985169999969e-01 2.037705704599999945e-01 3.779379906159999747e-01 3.219843732250000090e-01
6.021403895000000395e-01 1.041841402089999979e+00 8.931590870960000039e-01 2.035196559980000097e-01 3.775336746669999965e-01 3.216610507800000129e-01
6.014852525060000454e-01 1.040990194019999926e+00 8.924727206539999624e-01 2.032694813370000131e-01 3.771809641719999773e-01 3.213800076639999892e-01
6.008429375899999592e-01 1.040188981180000027e+00 8.918481932809999568e-01 2.030200266939999887e-01 3.768079014990000086e-01 3.210668842409999946e-01
6.002004472640000143e-01 1.039329565220000084e+00 8.911886341270000012e-01 2.027712732180000088e-01 3.763986180689999905e-01 3.207622992690000174e-01
5.995486728600000204e-01 1.038482390089999985e+00 8.904878986540000207e-01 2.025232029479999973e-01 3.760562370409999966e-01 3.204612040540000262e-01
5.989344544519999980e-01 1.037706119389999904e+00 8.898056532810000308e-01 2.022757987669999979e-01 3.756725575009999818e-01 3.201562171019999847e-01
5.983146089619999497e-01 1.036867425989999925e+00 8.891733721700000315e-01 2.020290443609999986e-01 3.752879833939999910e-01 3.198590377960000009e-01
5.976969310230000332e-01 1.035984378189999999e+00 8.884948705840000072e-01 2.017829241799999895e-01 3.749331510439999904e-01 3.195568944789999866e-01
5.970925003270000087e-01 1.035138412790000073e+00 8.878026394119999942e-01 2.015374234029999878e-01 3.745529008699999829e-01 3.192561296020000050e-01
5.964670800400000417e-01 1.034330991260000054e+00 8.871072523080000272e-01 2.012925278980000066e-01 3.741848483410000203e-01 3.189596876119999980e-01
5.958544715439999528e-01 1.033459209629999931e+00 8.864660517350000379e-01 2.010482241890000077e-01 3.738351389510000122e-01 3.186605540860000252e-01
5.952323131869999839e-01 1.032593743130000075e+00 8.857934659589999926e-01 2.008044994289999996e-01 3.734307026379999894e-01 3.183659999399999774e-01
5.946018747369999913e-01 1.031767392139999906e+00 8.851226256419999494e-01 2.005613413619999896e-01 3.730835228330000031e-01 3.180690100140000087e-01
5.939481177930000522e-01 1.030983450469999951e+00 8.845183099150000228e-01 2.003187382999999933e-01 3.727129174009999879e-01 3.177740556370000080e-01
5.933257389649999602e-01 1.030143443030000050e+00 8.838982108920000469e-01 2.000766790909999926e-01 3.723504010820000154e-01 3.174779046630000212e-01
5.927116297450000237e-01 1.029312805450000035e+00 8.832082478449999607e-01 1.998380277959999896e-01 3.719621642270000139e-01 3.171752351389999780e-01
5.920916305840000504e-01 1.028462903569999920e+00 8.825141070499999962e-01 1.996004629110000039e-01 3.716150177850000014e-01 3.168850470449999790e-01
5.914334205440000547e-01 1.027687459080000032e+00 8.819587476269999948e-01 1.993610563029999949e-01 3.712263937629999844e-01 3.165907318869999876e-01
5.908242033799999682e-01 1.026934750059999901e+00 8.812119099470000494e-01 1.991178562639999983e-01 3.708900489479999840e-01 3.163006810730000229e-01
5.902390876809999742e-01 1.026061316450000094e+00 8.805836819079999600e-01 1.988767703750000115e-01 3.705075210609999892e-01 3.159984647110000155e-01
5.896072139160000170e-01 1.025319302550000033e+00 8.799212620820000552e-01 1.986379820339999880e-01 3.701495306429999910e-01 3.157062326849999767e-01
