0.000000000000000000e+00 0.000000000000000000e+00 0.000000000000000000e+00 0.000000000000000000e+00 0.000000000000000000e+00 0.000000000000000000e+00
0.000000000000000000e+00 0.000000000000000000e+00 0.000000000000000000e+00 0.000000000000000000e+00 0.000000000000000000e+00 0.000000000000000000e+00
0.000000000000000000e+00 0.000000000000000000e+00 0.000000000000000000e+00 0.000000000000000000e+00 0.000000000000000000e+00 0.000000000000000000e+00
0.000000000000000000e+00 0.000000000000000000e+00 0.000000000000000000e+00 0.000000000000000000e+00 0.000000000000000000e+00 0.000000000000000000e+00
0.000000000000000000e+00 0.000000000000000000e+00 0.000000000000000000e+00 0.000000000000000000e+00 0.000000000000000000e+00 0.000000000000000000e+00
0.000000000000000000e+00 0.000000000000000000e+00 0.000000000000000000e+00 0.000000000000000000e+00 0.000000000000000000e+00 0.000000000000000000e+00
0.000000000000000000e+00 0.000000000000000000e+00 0.000000000000000000e+00 0.000000000000000000e+00 0.000000000000000000e+00 0.000000000000000000e+00
0.000000000000000000e+00 0.000000000000000000e+00 0.000000000000000000e+00 0.000000000000000000e+00 0.000000000000000000e+00 0.000000000000000000e+00
0.000000000000000000e+00 0.000000000000000000e+00 0.000000000000000000e+00 0.000000000000000000e+00 0.000000000000000000e+00 0.000000000000000000e+00
0.000000000000000000e+00 0.000000000000000000e+00 0.000000000000000000e+00 0.000000000000000000e+00 0.000000000000000000e+00 0.000000000000000000e+00
0.000000000000000000e+00 0.000000000000000000e+00 0.000000000000000000e+00 0.000000000000000000e+00 0.000000000000000000e+00 0.000000000000000000e+00
0.000000000000000000e+00 0.000000000000000000e+00 0.000000000000000000e+00 0.000000000000000000e+00 0.000000000000000000e+00 0.000000000000000000e+00
0.000000000000000000e+00 0.000000000000000000e+00 0.000000000000000000e+00 0.000000000000000000e+00 0.000000000000000000e+00 0.000000000000000000e+00
0.000000000000000000e+00 0.000000000000000000e+00 0.000000000000000000e+00 0.000000000000000000e+00 0.000000000000000000e+00 0.000000000000000000e+00
6.530649693141000675e-03 6.102715737613999963e-02 2.305766800558000096e-01 7.339764017496999866e-03 6.850875170621001375e-02 2.573066225692999809e-01
4.341902194885999267e-02 3.728389980628999956e-01 1.003027963372999931e+00 4.392425445709999959e-02 3.751333003453999893e-01 4.971066424403000061e-01
1.096478568704999934e-01 8.198452356125000007e-01 1.057902701980999893e+00 9.371164060039999244e-02 5.434102624034000684e-01 4.999072269542000346e-01
1.755717178504999920e-01 1.065006642463000031e+00 1.102787530735999999e+00 1.212500370573000030e-01 5.664577487968001090e-01 4.995352004419999492e-01
2.308218872054000059e-01 1.183797638626999937e+00 1.138574617869000161e+00 1.368154470768999931e-01 5.804496496952999962e-01 4.929196409599999606e-01
2.774844615559999839e-01 1.247187125199000102e+00 1.162382487889999982e+00 1.480912035829000106e-01 5.900093390388999604e-01 4.874180709401000344e-01
3.164776868440000168e-01 1.301187912090000065e+00 1.175480072488999994e+00 1.576986824257000097e-01 5.959145177112000757e-01 4.749074146829000420e-01
3.511268319970000107e-01 1.345947802344999999e+00 1.185887810065000103e+00 1.664263267299999904e-01 5.967057265346999984e-01 4.654774851831000038e-01
3.806813688176000077e-01 1.379278747090000090e+00 1.199405878087000055e+00 1.736482882327999855e-01 5.895181633648000075e-01 4.568990641289999988e-01
4.086720936508999591e-01 1.402316004149000150e+00 1.195341649908999937e+00 1.808386362124000113e-01 5.817569851180000029e-01 4.490656447337000312e-01
4.351485036459999955e-01 1.421158616404999853e+00 1.183767485439999989e+00 1.872169426574999962e-01 5.753308049909999777e-01 4.342973317603999739e-01
4.576892482122000283e-01 1.430837424611000053e+00 1.176381234426999933e+00 1.922830468747000199e-01 5.677603082909999932e-01 4.235074058030000033e-01
4.796807212465000192e-01 1.434401741325999957e+00 1.163367804233000014e+00 1.967653908092000248e-01 5.589646599099999946e-01 4.202802530975000006e-01
4.994289521945000643e-01 1.433383494781000245e+00 1.153700634615999920e+00 2.016073529064000280e-01 5.443519476557999726e-01 4.117345384441999379e-01
5.179350001647999857e-01 1.428947513918000123e+00 1.142448930509999849e+00 2.057230569903999995e-01 5.309585352642000045e-01 3.972017073798000397e-01
5.346896584604000635e-01 1.418483313147000047e+00 1.130968654624000092e+00 2.087608286156000248e-01 5.190348649270999370e-01 3.851266046044000135e-01
5.491433468088000591e-01 1.401210258074000015e+00 1.113008827193999961e+00 2.108384003943999940e-01 5.143882341808000414e-01 3.739867160029999860e-01
5.627585917446999986e-01 1.392039032712000024e+00 1.099870482166000141e+00 2.135464057397999937e-01 5.026196617884000073e-01 3.655656200541999579e-01
5.734935180585999381e-01 1.368731173964000014e+00 1.088006853343000069e+00 2.147598263444999989e-01 4.893139772953999933e-01 3.583265324970000276e-01
5.861472450015000613e-01 1.353851637283999931e+00 1.075482862907999992e+00 2.162505412410000161e-01 4.796178489258000055e-01 3.521021046380000130e-01
5.974275876857999545e-01 1.336641274705999916e+00 1.061942959929000008e+00 2.173231905040000078e-01 4.653635708162000562e-01 3.455615690617999669e-01
6.049398282709000929e-01 1.310284744537999924e+00 1.044328497383000043e+00 2.186293491490000074e-01 4.528407800697999974e-01 3.411484468829000249e-01
6.125193798850000482e-01 1.290563334388999950e+00 1.030882217241000154e+00 2.188444483565999965e-01 4.399587021618999727e-01 3.382858716630000595e-01
6.203094408399999482e-01 1.271710514040000017e+00 1.014723230129999987e+00 2.181604188010999867e-01 4.263833857000000060e-01 3.348691652645000016e-01
6.271493422809000240e-01 1.256317157750000080e+00 9.960987153546999595e-01 2.170439311037000163e-01 4.149779845020000191e-01 3.307032292921999739e-01
6.332118116377000172e-01 1.227403005273000058e+00 9.772118264985000247e-01 2.163608012286999949e-01 4.058526466849999847e-01 3.282553610152999513e-01
6.362013163241999614e-01 1.196531716785000032e+00 9.590297465989999770e-01 2.169858038220000007e-01 3.987105807180999495e-01 3.255755230319999916e-01
6.371973540936999303e-01 1.170135621990000097e+00 9.449636158209999692e-01 2.174266752418000104e-01 3.927272911740000150e-01 3.229393785624999902e-01
6.379678042185000786e-01 1.153180574704000039e+00 9.329784198005000029e-01 2.169018881980000202e-01 3.876831853552999974e-01 3.202738347723000367e-01
6.371800643716000190e-01 1.130899117128999931e+00 9.179030757707999921e-01 2.152436459460999874e-01 3.831745068888000039e-01 3.177899606829999724e-01
6.402038170300999864e-01 1.110447521203000054e+00 9.104635777819000131e-01 2.136484478003999876e-01 3.788218470654000081e-01 3.153788159809999825e-01
6.425855696669999784e-01 1.090313429545999968e+00 9.009078936101000412e-01 2.132181359260000020e-01 3.742532711678000501e-01 3.131283287567999674e-01
6.426920115180000392e-01 1.072508508270000105e+00 8.895228668227000979e-01 2.125629151082999990e-01 3.715999137165000299e-01 3.110629492513999894e-01
6.404532976683000589e-01 1.055412337721999938e+00 8.802192972576999841e-01 2.117807300072999943e-01 3.686598821835999629e-01 3.090896358739000371e-01
6.377557809530001176e-01 1.040055401678000147e+00 8.730333604605999831e-01 2.100871918989999920e-01 3.659936325979999960e-01 3.072038335432000222e-01
6.344371120139999931e-01 1.026961753194000071e+00 8.668034909020000400e-01 2.085217614300000077e-01 3.632813543030999903e-01 3.054012035854000162e-01
6.347803267350999867e-01 1.015095917166999984e+00 8.600407223683000923e-01 2.076922429247000101e-01 3.605619220002999614e-01 3.036776138792999791e-01
6.324280602634000381e-01 1.003888379806999964e+00 8.516897128435999553e-01 2.065009095382999982e-01 3.586936737533999997e-01 3.020291294692000195e-01
6.311253218941000886e-01 9.936362790313000293e-01 8.475149935532000356e-01 2.059919310430000094e-01 3.561626325274999671e-01 3.004936638224999790e-01
6.277692364378000267e-01 9.841060240758000566e-01 8.434655697956000564e-01 2.054871686939999942e-01 3.544713930532000234e-01 2.991875876719999883e-01
6.245761757866000741e-01 9.761035308609000705e-01 8.376573849536999017e-01 2.049487155679000083e-01 3.527947513460000240e-01 2.983217421255000001e-01
6.211921085996999770e-01 9.675661909105001124e-01 8.323940485908000175e-01 2.043730735096999929e-01 3.510471680898999969e-01 2.970584437289000013e-01
6.176738348699001291e-01 9.595738629150000198e-01 8.273541911219999268e-01 2.037784831082000148e-01 3.496809022826999902e-01 2.957669119201000174e-01
6.149544355366999282e-01 9.531774865669000452e-01 8.241692440659000862e-01 2.025630149072999986e-01 3.484077312562999795e-01 2.945559233301000002e-01
6.132939977254000530e-01 9.499637173420000247e-01 8.212815128050999780e-01 2.018434781909999864e-01 3.466093871877000132e-01 2.934185414475999898e-01
6.117188840177000264e-01 9.462550442278000462e-01 8.186487943459000993e-01 2.011289979250000248e-01 3.449084915641000282e-01 2.923484760298999952e-01
6.095725515844999665e-01 9.405675844331000679e-01 8.162118750225000330e-01 2.004118011200999860e-01 3.432627694959999864e-01 2.913400193585999887e-01
6.073608914324000185e-01 9.362558179866000696e-01 8.132261325452999623e-01 1.996937544687000243e-01 3.425243046027000027e-01 2.903878091202000133e-01
6.050965309757999622e-01 9.323984166145999897e-01 8.110408655812000323e-01 1.989765239054999968e-01 3.413719193600999735e-01 2.892811482784000132e-01
6.021272118670000228e-01 9.288892489393999474e-01 8.083642414071999793e-01 1.979778936526999933e-01 3.400141651129000020e-01 2.882446373427000053e-01
5.980282099220000092e-01 9.256930546232000623e-01 8.057989357746000447e-01 1.970312273200000019e-01 3.387471312172000149e-01 2.872525904086999926e-01
5.940555717536999403e-01 9.224594895425000107e-01 8.033906881211000384e-01 1.962357779171000072e-01 3.375404687075999610e-01 2.866460068155999852e-01
5.902101297871999996e-01 9.193386535155000372e-01 8.011267865819000633e-01 1.954516544980000048e-01 3.363901453395999885e-01 2.861000511157000270e-01
5.869438286775999769e-01 9.166932206310000053e-01 7.989955342945000982e-01 1.946458233434000262e-01 3.352924127585000247e-01 2.855903655404999908e-01
5.846634783198999541e-01 9.143228466617999706e-01 7.969163143377000491e-01 1.937277085587000292e-01 3.344032954814999958e-01 2.851014081853000537e-01
5.823989373792999302e-01 9.121677715427999322e-01 7.942912275854999704e-01 1.928435225430000233e-01 3.336524425547000017e-01 2.844955363966000239e-01
5.801025414653999679e-01 9.101075272449999920e-01 7.917771765957000163e-01 1.919917744073000032e-01 3.329864248584999964e-01 2.839144471782000245e-01
5.770317813126000228e-01 9.088326949056999560e-01 7.893682144692000247e-01 1.911710192692999966e-01 3.322691297215999984e-01 2.833561705049000290e-01
5.741021980011000725e-01 9.083802569988999043e-01 7.870725523831000325e-01 1.903798602304999921e-01 3.317489581406000143e-01 2.828189084323999847e-01
5.712804748890000228e-01 9.074837143307999954e-01 7.849433160331000803e-01 1.896169496075000016e-01 3.311951228834000283e-01 2.823010189547000004e-01
5.685632456354000608e-01 9.061897397614999683e-01 7.829004752956999491e-01 1.888809895741000167e-01 3.308194559197000229e-01 2.818010014751000103e-01
5.659470542787999880e-01 9.049748115896000256e-01 7.809390911669000790e-01 1.881707323026000078e-01 3.304469944464999975e-01 2.811917980329000089e-01
5.634283897199000579e-01 9.038285994360000242e-01 7.790545179191998848e-01 1.874849797135000051e-01 3.300773422059999906e-01 2.807111730833000141e-01
5.610037151863001004e-01 9.027420431496999687e-01 7.771750416289999741e-01 1.868225828968999858e-01 3.297101699309999967e-01 2.803041017420999648e-01
5.586694932565000604e-01 9.017072161656999318e-01 7.753464940980000497e-01 1.861824412809999774e-01 3.293452032019000275e-01 2.798967053266999683e-01
5.564222070016000554e-01 9.007172002044999681e-01 7.735859571559999814e-01 1.855635016002999960e-01 3.288193467778000034e-01 2.794480106417000509e-01
5.542583777034999493e-01 8.997659709688999863e-01 7.724574091326000813e-01 1.849647567041999840e-01 3.281574447216999979e-01 2.790114975504000006e-01
5.521745795865999895e-01 8.989917260577999780e-01 7.715803582914001479e-01 1.843852442518000012e-01 3.275157671995999609e-01 2.785863065648000458e-01
5.501674519267999441e-01 8.983093693059999163e-01 7.707237327217000278e-01 1.838240453214000092e-01 3.268930740604999996e-01 2.781716463296999842e-01
5.482337088861999330e-01 8.976284667351999147e-01 7.699235683506999717e-01 1.832802829591999860e-01 3.264023822889999815e-01 2.777667877466000190e-01
5.463701473559999799e-01 8.968381783163000831e-01 7.691705868978000460e-01 1.827531206923999896e-01 3.259731732148000161e-01 2.773710586563999936e-01
5.445736530816999155e-01 8.961279728537998590e-01 7.681350330210000577e-01 1.822417610279999933e-01 3.255525706435999922e-01 2.769838389975999848e-01
5.428412052969000534e-01 8.954563361446000735e-01 7.668949627189000084e-01 1.817454439370999875e-01 3.251397825369000127e-01 2.766084496400999515e-01
5.411698800691000510e-01 8.947511070490000717e-01 7.656903429956001261e-01 1.812634453594000050e-01 3.247340977742999568e-01 2.762493164118000055e-01
5.395568525438999563e-01 8.940364139508000241e-01 7.645192782838000634e-01 1.807950757170999900e-01 3.243348776746999840e-01 2.758964874209000051e-01
5.379993982460999913e-01 8.933179324357000128e-01 7.633799770368999704e-01 1.803396784588000012e-01 3.239415484097999953e-01 2.755495372626000083e-01
5.364389630211999771e-01 8.925973428118000319e-01 7.622707458301000161e-01 1.798966286325999753e-01 3.235535942355999839e-01 2.752080735649000132e-01
5.348665429691999984e-01 8.918782365694999381e-01 7.614407040032999952e-01 1.794653314935999999e-01 3.231705514254999967e-01 2.748717342060000290e-01
5.333444788158999694e-01 8.907852256127000157e-01 7.606915679112999928e-01 1.790452211582000130e-01 3.227942072321000055e-01 2.745399902535000103e-01
5.318809124398000687e-01 8.895378429719000835e-01 7.599523754134001052e-01 1.786357592917000026e-01 3.224348405139000340e-01 2.741355651196999976e-01
5.304665522321000415e-01 8.883990543416999675e-01 7.592225231091001003e-01 1.782364338471000009e-01 3.220783747993999913e-01 2.737392024823000480e-01
5.290957581591000380e-01 8.876206833643000005e-01 7.585014532607999849e-01 1.778467578425000084e-01 3.217245551713999729e-01 2.733504627735000025e-01
5.277666642473000103e-01 8.869107310049999526e-01 7.577886494526999694e-01 1.774662681897999916e-01 3.213731543720999562e-01 2.729689315448000086e-01
5.264774594812000608e-01 8.862180661289000838e-01 7.570836327874000959e-01 1.770945245666999956e-01 3.210239697733999753e-01 2.725942180345999888e-01
5.252263892735999917e-01 8.855293820579001052e-01 7.562458643167000449e-01 1.767311083338999889e-01 3.206768206823000233e-01 2.722259538233000042e-01
5.240117564396000738e-01 8.847892777131001196e-01 7.553036334046998590e-01 1.763756214950000234e-01 3.203315459453999758e-01 2.718637915672000305e-01
5.228319217516999018e-01 8.840490997102999904e-01 7.543819512588000320e-01 1.760276857068999723e-01 3.199880018100000334e-01 2.715074037941999641e-01
5.216853041126999768e-01 8.833138245746999795e-01 7.534796308801999798e-01 1.756869413270999991e-01 3.196460600274000363e-01 2.711564817799000382e-01
5.205703804117000066e-01 8.825831027218999925e-01 7.525955565285000759e-01 1.753530465038999897e-01 3.193056061605000218e-01 2.708107344790999793e-01
5.194856851085999372e-01 8.818566218431999060e-01 7.517410373537000146e-01 1.750256763112000014e-01 3.189665380807999995e-01 2.704698875208999542e-01
5.184298095748000046e-01 8.811341020893999065e-01 7.509078918004999936e-01 1.747045219173999908e-01 3.185790214836999867e-01 2.701336822584000097e-01
5.174014012401999540e-01 8.804152919248999787e-01 7.500890498318000255e-01 1.743892898009000159e-01 3.181831718647999407e-01 2.698018748762999741e-01
5.163991625726001011e-01 8.796845681418999918e-01 7.492836896147999637e-01 1.740797009881999979e-01 3.177918913941999990e-01 2.694742355449999960e-01
5.154218499159999300e-01 8.789328248173999825e-01 7.484910395391999316e-01 1.737672101610999997e-01 3.174049134351000223e-01 2.691505476230000027e-01
5.144682722176999734e-01 8.781825974315999872e-01 7.477103751211999771e-01 1.734663640577999988e-01 3.170219890242999550e-01 2.688306069055000358e-01
5.135372896669000431e-01 8.774339476865000709e-01 7.469410161143000826e-01 1.731713921591999938e-01 3.166428856885999954e-01 2.685142209184999684e-01
5.126278122578999952e-01 8.766869217598000086e-01 7.461823237920000018e-01 1.728801868588999979e-01 3.162673863391999851e-01 2.682012082419000243e-01
5.117387983012999797e-01 8.759415523272999771e-01 7.454336984031999513e-01 1.725911236318000141e-01 3.158952882490000391e-01 2.678913978852000000e-01
5.108692529024000395e-01 8.751978604276999807e-01 7.446945767825999818e-01 1.723064183162000274e-01 3.155264020906999867e-01 2.675846286881000125e-01
5.100182264056999371e-01 8.744558571641000144e-01 7.439644301154000328e-01 1.720258750131000158e-01 3.151605510452000214e-01 2.672822293476999622e-01
5.091848128304999888e-01 8.737155452428000402e-01 7.432427618289999538e-01 1.717493071695999907e-01 3.147975699666000216e-01 2.670076920167999690e-01
5.083681483058999362e-01 8.729859631102999673e-01 7.425291056294999192e-01 1.714765371399000204e-01 3.144373046071000100e-01 2.667344139466999997e-01
5.075674095080999759e-01 8.722666509578000937e-01 7.418230236456000437e-01 1.712073957618999998e-01 3.140796108896000138e-01 2.664623438552999879e-01
5.067818121059000092e-01 8.715482950795001571e-01 7.411241046937999677e-01 1.709417219576999936e-01 3.137243542298999710e-01 2.661914335858999725e-01
5.060106092352000262e-01 8.708309200564001706e-01 7.404319626494000328e-01 1.706793623463000176e-01 3.133714089104999712e-01 2.659216379068000125e-01
5.052530899895999461e-01 8.701145446382000381e-01 7.397462349165000450e-01 1.704201708833000262e-01 3.130206574864999869e-01 2.656529143331999854e-01
5.045085779444000718e-01 8.693991826854000626e-01 7.390665809901000305e-01 1.701640085059999974e-01 3.126719902374999749e-01 2.653852229531000195e-01
5.037764297060001173e-01 8.686848440084999901e-01 7.383926811127000667e-01 1.699107428080000037e-01 3.123253046554000378e-01 2.651185262644000229e-01
5.030560335076000866e-01 8.679715350750000225e-01 7.377242350028000439e-01 1.696602477145000010e-01 3.119805049643999961e-01 2.648527890301000109e-01
5.023468078296999817e-01 8.672592596372999951e-01 7.370609606697999805e-01 1.694124031853999901e-01 3.116375016762000238e-01 2.645879781343999926e-01
5.016482000726000257e-01 8.665480192544999793e-01 7.364080554178000781e-01 1.691670949262999990e-01 3.112962111704000168e-01 2.643240624507000036e-01
5.009596852588000804e-01 8.658378137495000848e-01 7.357964153334000112e-01 1.689242141122000163e-01 3.109565553065999355e-01 2.640610127214000347e-01
5.002807647821000403e-01 8.651286415867001089e-01 7.351868256396999479e-01 1.686836571285000030e-01 3.106184610600000173e-01 2.637988014373999768e-01
4.996109651999000034e-01 8.644205001929000654e-01 7.345792101809001107e-01 1.684453253182000010e-01 3.102818601837999957e-01 2.635374027369000172e-01
4.989498370668999927e-01 8.637133862242001303e-01 7.339734975799999672e-01 1.682091247475999973e-01 3.099466888913999796e-01 2.632767922952999884e-01
4.982969538099000228e-01 8.630072957872000350e-01 7.333696209242999142e-01 1.679749659792000027e-01 3.096128875617999987e-01 2.630169472393000252e-01
4.976519106443000329e-01 8.623022246193999818e-01 7.327675174733999652e-01 1.677427638536000132e-01 3.092804004615000157e-01 2.627578460491999945e-01
4.970166688764000029e-01 8.615981682315000389e-01 7.321671283962999377e-01 1.675124372897000280e-01 3.089491754886000141e-01 2.624994684836999825e-01
4.963933524804999831e-01 8.608951220318999953e-01 7.315683985145999824e-01 1.672839090832000108e-01 3.086191639329000092e-01 2.622417954945000518e-01
4.957765627987000268e-01 8.601930814101999001e-01 7.309712760677000709e-01 1.670571057238000034e-01 3.082903202498000206e-01 2.619848091556000180e-01
4.951659751335000248e-01 8.594920418141001051e-01 7.303757124955999602e-01 1.668319572182999921e-01 3.079626018500999929e-01 2.617284925960000064e-01
4.945612821686999894e-01 8.587772502403999697e-01 7.297841950587000692e-01 1.666083969168000167e-01 3.076359689063999925e-01 2.614728299326000149e-01
4.939621930784999781e-01 8.580523705808000834e-01 7.291961004832000492e-01 1.663863613594999957e-01 3.073103841684999837e-01 2.612178062100999898e-01
4.933684326715999657e-01 8.573285559208999596e-01 7.286092945700000101e-01 1.661657901171000040e-01 3.069858127936999637e-01 2.609634073448000025e-01
4.927797405812000542e-01 8.566058028972001193e-01 7.280237476771000971e-01 1.659466256478999979e-01 3.066622221884000021e-01 2.607096200715000034e-01
4.921958704869999757e-01 8.558841081965999908e-01 7.274394319978999546e-01 1.657288131573000367e-01 3.063395818563000028e-01 2.604564318920000177e-01
4.916165893829000377e-01 8.551634685872000485e-01 7.268563214457001154e-01 1.655123004691000099e-01 3.060178632622999606e-01 2.602038310292000278e-01
4.910416768729000681e-01 8.544438809297000281e-01 7.262743915392999572e-01 1.652970378932999973e-01 3.056970397003999640e-01 2.599518063833999859e-01
4.904709245057000122e-01 8.537253421933000963e-01 7.256936192958001186e-01 1.650829781128999862e-01 3.053770861766000322e-01 2.597003474883000096e-01
4.899041351419000656e-01 8.530078494591000204e-01 7.251139831377000355e-01 1.648700760670999965e-01 3.050579792903999610e-01 2.594494444763000285e-01
4.893411223513000063e-01 8.522913999280999908e-01 7.245354627982001361e-01 1.646582888401999789e-01 3.047396971341000405e-01 2.591990880393000296e-01
4.887817098413999584e-01 8.515759909153000073e-01 7.239580392357000127e-01 1.644475755610000367e-01 3.044222191907000052e-01 2.589492693927999967e-01
4.882257309158000158e-01 8.508616198500000838e-01 7.233816945577000723e-01 1.642378973058000180e-01 3.041055262440999774e-01 2.586999802500000167e-01
4.876730279564999715e-01 8.501482842736001189e-01 7.228064119411000688e-01 1.640292170009999828e-01 3.037896002907999882e-01 2.584512127852000019e-01
4.871234519389999740e-01 8.494359818321000066e-01 7.222321755677999500e-01 1.638214993351999882e-01 3.034744244635000365e-01 2.582029596082999756e-01
4.865768619650999716e-01 8.487247102707000668e-01 7.216589705575000568e-01 1.636147106763000125e-01 3.031599829516000155e-01 2.579552137370000331e-01
4.860331248270000071e-01 8.480144674276000050e-01 7.210867829071000434e-01 1.634088189868000141e-01 3.028462609347000178e-01 2.577079685754000149e-01
4.854921145892000522e-01 8.473052512270000669e-01 7.205155994348999560e-01 1.632037937509999981e-01 3.025332445135999748e-01 2.574612178866999557e-01
4.849537121911000059e-01 8.465970596703999984e-01 7.199454077264999530e-01 1.629996058985000162e-01 3.022209206538000181e-01 2.572149557725000313e-01
4.844178050797000590e-01 8.458898908337000311e-01 7.193761960862999905e-01 1.627962277369000010e-01 3.019092771259999641e-01 2.569691766509000219e-01
4.838842868489000026e-01 8.451837428555000198e-01 7.188079534919000757e-01 1.625936328840000000e-01 3.015983024521999845e-01 2.567238752420999970e-01
4.833530569082000183e-01 8.444747394985999689e-01 7.182406695498999571e-01 1.623917962039000129e-01 3.012879858569999514e-01 2.564790465428000155e-01
4.828240201626999850e-01 8.437599847916000817e-01 7.176743344538999425e-01 1.621906937492000322e-01 3.009783172209000157e-01 2.562346858167000030e-01
4.822970867122999827e-01 8.430466099755999920e-01 7.171089389501000833e-01 1.619903027034000076e-01 3.006692870375999860e-01 2.559907885714000075e-01
4.817721715697000362e-01 8.423345897824999762e-01 7.165444742990000337e-01 1.617906013226000084e-01 3.003608863741999979e-01 2.557473505483000009e-01
4.812491943890999657e-01 8.416239005651000582e-01 7.159809322456999192e-01 1.615915688904999981e-01 3.000531068301000026e-01 2.555043677075999886e-01
4.807280792113000079e-01 8.409145201836000227e-01 7.154191868286000622e-01 1.613931856616999949e-01 2.997459405048999992e-01 2.552618362140000041e-01
4.802087542246000207e-01 8.402064279080000420e-01 7.148709446310000937e-01 1.611954328201999909e-01 2.994393799648000232e-01 2.550197524246999858e-01
4.796911515339999932e-01 8.394996043165998678e-01 7.143235779889999248e-01 1.609971852183999796e-01 2.991334182115999996e-01 2.547781128755999824e-01
4.791752069464000341e-01 8.387940312145000243e-01 7.137770792821999111e-01 1.607993515691999997e-01 2.988280486523999802e-01 2.545369142769000059e-01
4.786608597692000311e-01 8.380896915432999306e-01 7.132314413161999767e-01 1.606020855727000041e-01 2.985232650765999862e-01 2.542961534934999879e-01
4.781480526134000431e-01 8.373865693071000926e-01 7.126866572962999857e-01 1.604053725351999860e-01 2.982244397228999699e-01 2.540558275439000480e-01
4.776367312136999832e-01 8.366846494999000683e-01 7.121427208001999132e-01 1.602091984470000174e-01 2.979261643635000012e-01 2.538159335855000309e-01
4.771268442578999736e-01 8.359839180395000069e-01 7.115996257528000024e-01 1.600135499462999877e-01 2.976283883465000168e-01 2.535764689082000145e-01
4.766183432184999957e-01 8.352843617020999645e-01 7.110573664045000131e-01 1.598184142908000149e-01 2.973311104034000452e-01 2.533374309279999848e-01
4.761111822053999965e-01 8.345859680671000591e-01 7.105159373092000408e-01 1.596237793261000015e-01 2.970343293004000240e-01 2.530988171743999704e-01
4.756053178135000170e-01 8.338887254592999287e-01 7.099753333042000403e-01 1.594296334593000020e-01 2.967380438335999737e-01 2.528606252880000183e-01
4.751007089909000114e-01 8.331926229014999796e-01 7.094355494940999263e-01 1.592359656296000181e-01 2.964422528224999742e-01 2.526228530154000507e-01
4.745973169060000441e-01 8.324976500644000188e-01 7.088965812281999845e-01 1.590427652856999940e-01 2.961469551154999880e-01 2.523854981960000354e-01
4.740951048256000222e-01 8.318193784055999407e-01 7.083584240915999919e-01 1.588500223578000192e-01 2.958521495848999705e-01 2.521485587618000346e-01
4.735940379984000526e-01 8.311879010081999475e-01 7.078210738829000537e-01 1.586577272378000281e-01 2.955578351242000301e-01 2.519120327307999840e-01
4.730940835440000103e-01 8.305572623997999893e-01 7.072845266045000301e-01 1.584658707547000056e-01 2.952640106487000038e-01 2.516759182011000240e-01
4.725952103538000326e-01 8.298786698972000497e-01 7.067487784496000458e-01 1.582744441562000115e-01 2.949706750932000188e-01 2.514402133463000122e-01
4.720973889881999730e-01 8.291880061906999888e-01 7.062138257867000002e-01 1.580834390863999905e-01 2.946778274110000151e-01 2.512049164115999766e-01
4.716005915843000107e-01 8.284983578560000117e-01 7.056796651530000686e-01 1.578928475660000275e-01 2.943854665732000275e-01 2.509700257085999975e-01
4.711047917737000157e-01 8.278097228378999972e-01 7.051462932373999681e-01 1.577026619773999883e-01 2.940935915670999656e-01 2.507355396111999868e-01
4.706099645972000589e-01 8.271220991250999299e-01 7.046137068787000635e-01 1.575128750510000064e-01 2.938022013970000290e-01 2.505014565545999883e-01
