0.000000000000000000e+00 0.000000000000000000e+00 0.000000000000000000e+00 0.000000000000000000e+00 0.000000000000000000e+00 0.000000000000000000e+00
0.000000000000000000e+00 0.000000000000000000e+00 0.000000000000000000e+00 0.000000000000000000e+00 0.000000000000000000e+00 0.000000000000000000e+00
0.000000000000000000e+00 0.000000000000000000e+00 0.000000000000000000e+00 0.000000000000000000e+00 0.000000000000000000e+00 0.000000000000000000e+00
0.000000000000000000e+00 0.000000000000000000e+00 0.000000000000000000e+00 0.000000000000000000e+00 0.000000000000000000e+00 0.000000000000000000e+00
0.000000000000000000e+00 0.000000000000000000e+00 0.000000000000000000e+00 0.000000000000000000e+00 0.000000000000000000e+00 0.000000000000000000e+00
0.000000000000000000e+00 0.000000000000000000e+00 0.000000000000000000e+00 0.000000000000000000e+00 0.000000000000000000e+00 0.000000000000000000e+00
0.000000000000000000e+00 0.000000000000000000e+00 0.000000000000000000e+00 0.000000000000000000e+00 0.000000000000000000e+00 0.000000000000000000e+00
0.000000000000000000e+00 0.000000000000000000e+00 0.000000000000000000e+00 0.000000000000000000e+00 0.000000000000000000e+00 0.000000000000000000e+00
0.000000000000000000e+00 0.000000000000000000e+00 0.000000000000000000e+00 0.000000000000000000e+00 0.000000000000000000e+00 0.000000000000000000e+00
0.000000000000000000e+00 0.000000000000000000e+00 0.000000000000000000e+00 0.000000000000000000e+00 0.000000000000000000e+00 0.000000000000000000e+00
0.000000000000000000e+00 0.000000000000000000e+00 0.000000000000000000e+00 0.000000000000000000e+00 0.000000000000000000e+00 0.000000000000000000e+00
0.000000000000000000e+00 0.000000000000000000e+00 0.000000000000000000e+00 0.000000000000000000e+00 0.000000000000000000e+00 0.000000000000000000e+00
0.000000000000000000e+00 0.000000000000000000e+00 0.000000000000000000e+00 0.000000000000000000e+00 0.000000000000000000e+00 0.000000000000000000e+00
0.000000000000000000e+00 0.000000000000000000e+00 0.000000000000000000e+00 0.000000000000000000e+00 0.000000000000000000e+00 0.000000000000000000e+00
0.000000000000000000e+00 0.000000000000000000e+00 0.000000000000000000e+00 0.000000000000000000e+00 0.000000000000000000e+00 0.000000000000000000e+00
3.083840139344999967e-02 2.958689239680000194e-01 1.235185912674999997e+00 3.035564752274999903e-02 2.911610963899999849e-01 1.214962813330000113e+00
2.390517318079999898e-01 2.023662124869999968e+00 5.428272610080000504e+00 2.266821255064999929e-01 1.918798551085000081e+00 5.109989064909999712e+00
4.648163950345000073e-01 3.483415143080000220e+00 6.364386360384999719e+00 4.266921514575000018e-01 3.189188674109999955e+00 5.694616259480000053e+00
6.395395396349999872e-01 4.252909631679999691e+00 5.528732689019999924e+00 5.705196730755000001e-01 3.769078318034999597e+00 4.681406371275000033e+00
7.572774779525000000e-01 4.476124045725000222e+00 4.275286502210000172e+00 6.595730274075000121e-01 3.853156838080000313e+00 3.419693135244999738e+00
8.298022614464999336e-01 4.355649247295000137e+00 3.151164017520000193e+00 7.086005378865000148e-01 3.656289732534999892e+00 2.399969483275000037e+00
8.700307713880000016e-01 4.047173606814999935e+00 2.302362015579999976e+00 7.319456882004999887e-01 3.331452694214999788e+00 1.710202807684999993e+00
8.895907112415000206e-01 3.657592213800000103e+00 1.719429519800000028e+00 7.393142324415000743e-01 2.965930335319999944e+00 1.285114266884999967e+00
8.947714051489999987e-01 3.249672189185000004e+00 1.338079741815000112e+00 7.375861089105000268e-01 2.610350646629999716e+00 1.039637615620000011e+00
8.915649854830000054e-01 2.859053510105000306e+00 1.097733027040000087e+00 7.309927743060000704e-01 2.289920295579999987e+00 9.061680123444999513e-01
8.830891575820000172e-01 2.503267975159999992e+00 9.518982847410000225e-01 7.214189492030000928e-01 2.012986307710000311e+00 8.382948081895000847e-01
8.717487382360000758e-01 2.192273436849999868e+00 8.663036837530000422e-01 7.107773080995000159e-01 1.780568491464999958e+00 8.051701109000000134e-01
8.587924169814999953e-01 1.928314941700000062e+00 8.168619022609999725e-01 6.997054168684999631e-01 1.590048772499999874e+00 7.902496063405000104e-01
8.449818828524999770e-01 1.706393873005000117e+00 7.897511622569999279e-01 6.883604771900000419e-01 1.436130763660000031e+00 7.839823675760000388e-01
8.310183232850000268e-01 1.522742345694999999e+00 7.760644067194999440e-01 6.774358978365000450e-01 1.312076511989999972e+00 7.815231285764999702e-01
8.173029842140000500e-01 1.374276105374999890e+00 7.704946783124999587e-01 6.667370691749999745e-01 1.214461146130000113e+00 7.801307256905000154e-01
8.036961165454999945e-01 1.254003410185000167e+00 7.694409035895000137e-01 6.562788082070000195e-01 1.136991039285000005e+00 7.788019972699999904e-01
7.903087884274999642e-01 1.159789274099999989e+00 7.710801318944999760e-01 6.462674220030000249e-01 1.076272929034999937e+00 7.769618924149999106e-01
7.773184005030000510e-01 1.085289036669999874e+00 7.740278988109999814e-01 6.366721928624999860e-01 1.028851996094999999e+00 7.749650254700000129e-01
7.648348926549999316e-01 1.026665886229999991e+00 7.770454466459999487e-01 6.275728076130000499e-01 9.914954927654999750e-01 7.726349205414999588e-01
7.528617321249999605e-01 9.813115154895000192e-01 7.804415082910000079e-01 6.188830570320000835e-01 9.618607681294999434e-01 7.700275151440000299e-01
7.414687858114999974e-01 9.467750269015000608e-01 7.836396272319999801e-01 6.105887047960000258e-01 9.385444953029999926e-01 7.670568853235000262e-01
7.304914825699999614e-01 9.209675460044999262e-01 7.860424788130000451e-01 6.027648849775000262e-01 9.202150483694999661e-01 7.638965715929999512e-01
7.201287603235000390e-01 9.018297225360000224e-01 7.883910244665000011e-01 5.952818338370000628e-01 9.054559804645000431e-01 7.610876332514999731e-01
7.101460622685000779e-01 8.886613968690000309e-01 7.903362556365000069e-01 5.881295553629999340e-01 8.936669049304999390e-01 7.582213597384999115e-01
7.005147074274999941e-01 8.793642068259999167e-01 7.921060889464999200e-01 5.813762043949999292e-01 8.843807908815000118e-01 7.554762158550000217e-01
6.913373774794999704e-01 8.738047044885000059e-01 7.933633376149999972e-01 5.749063303544998949e-01 8.769091266880000290e-01 7.527662996239999904e-01
6.827413212755000238e-01 8.710342238270000204e-01 7.942931664490000543e-01 5.687050264515000064e-01 8.710120843955000414e-01 7.501529098350000480e-01
6.745568870920000126e-01 8.701162041415000381e-01 7.950591108019999798e-01 5.628701729700000822e-01 8.661637130510000393e-01 7.474320652339999649e-01
6.666297109654999442e-01 8.708234711569999842e-01 7.956950430000000463e-01 5.572479015210000108e-01 8.620308371554999960e-01 7.449976946770000552e-01
6.590785201889999279e-01 8.721993590345000769e-01 7.959944568399999199e-01 5.519235053075000064e-01 8.586090289694999766e-01 7.426864878835000017e-01
6.518286777555000189e-01 8.746673856939999325e-01 7.960045818550000041e-01 5.468330078479999301e-01 8.553619362000000059e-01 7.404657621774999310e-01
6.448853118255000183e-01 8.779022163430000303e-01 7.958571396354999772e-01 5.418962456129999827e-01 8.529703833435000604e-01 7.382861905299999972e-01
6.382788576210000064e-01 8.810148137825000170e-01 7.957260849405000114e-01 5.372225218439999894e-01 8.508740306630000472e-01 7.360215186215000038e-01
6.321704251665000163e-01 8.840447284529999727e-01 7.953871806290000457e-01 5.328470605949999772e-01 8.490177968804999420e-01 7.339754001029999975e-01
6.262560826174999873e-01 8.876253352295000454e-01 7.950142756710000258e-01 5.285509996160000501e-01 8.472577371345000330e-01 7.320078237989999792e-01
6.206112615134999899e-01 8.911128863869999250e-01 7.944801273124999508e-01 5.246262128059999696e-01 8.458392335744999713e-01 7.300796806354999946e-01
6.152821441530000879e-01 8.944040990670000246e-01 7.938144316110000709e-01 5.207159364939999424e-01 8.445774400204999477e-01 7.282841525700000096e-01
6.102815930730000060e-01 8.976429227319999704e-01 7.931067730330000343e-01 5.170383857914999659e-01 8.434753543215000038e-01 7.265457066770000250e-01
6.056011830699999932e-01 9.006659285225000477e-01 7.923294233280000487e-01 5.136597630720000085e-01 8.420873529790000589e-01 7.249405252909999486e-01
6.009165271234999661e-01 9.031786151145000385e-01 7.915580682024999648e-01 5.102354414190000131e-01 8.409589139324999962e-01 7.233213308979999923e-01
5.966394952014999475e-01 9.056841365454999515e-01 7.905703197764999413e-01 5.070054838710000844e-01 8.398552496394999789e-01 7.217662079880000636e-01
5.924258559480000130e-01 9.079345881709999233e-01 7.896728453029999706e-01 5.040538524194999592e-01 8.389357207555000473e-01 7.202790257164999321e-01
5.884873817384999040e-01 9.098116138955000265e-01 7.888033437099999379e-01 5.011028957429999320e-01 8.379981166570000806e-01 7.188389708060000105e-01
5.846525610024999597e-01 9.112756805655000125e-01 7.879520884039999951e-01 4.982598710719999824e-01 8.369184870449999369e-01 7.173566325469999949e-01
5.809947417629999222e-01 9.122999122170000197e-01 7.871457645735000508e-01 4.954793840929999638e-01 8.360406488384999335e-01 7.159887292559999894e-01
5.776090613155000497e-01 9.133135195135000384e-01 7.862757542789999832e-01 4.928425303860000106e-01 8.350005540139999738e-01 7.146974982875000659e-01
5.743307294574999666e-01 9.143141336369999816e-01 7.853151442100000379e-01 4.903045897344999737e-01 8.340849793475000329e-01 7.133996754575000487e-01
5.711567472484999630e-01 9.151189389155000020e-01 7.844756025994999993e-01 4.878730288179999874e-01 8.331648432770000223e-01 7.120537227554999404e-01
5.681968853709999934e-01 9.156730676785000966e-01 7.835894446919999812e-01 4.854911987425000186e-01 8.322671159315000455e-01 7.108314385934999535e-01
5.653676641420000148e-01 9.160671314799999632e-01 7.827029260655000709e-01 4.833365757579999866e-01 8.313496586049999859e-01 7.096751139229999783e-01
5.625410921669999897e-01 9.160881866760000047e-01 7.818756409795000195e-01 4.812567602709999504e-01 8.304871199079999489e-01 7.085563694134999757e-01
5.601184038364999118e-01 9.162373394645000335e-01 7.810095584714999983e-01 4.791983117345000043e-01 8.295627701670000853e-01 7.074502653479999292e-01
5.576474841509999614e-01 9.161132014905000176e-01 7.801140886010000663e-01 4.771622209260000247e-01 8.285935235265000642e-01 7.063463898949999820e-01
5.551823465190000029e-01 9.160216831390000092e-01 7.792804258475000134e-01 4.752822585825000057e-01 8.275953752729999779e-01 7.052746753415000125e-01
5.527500902044999442e-01 9.157387893299999693e-01 7.784308573135000353e-01 4.734577569279999620e-01 8.267319248714999347e-01 7.042131108859999156e-01
5.504024258319999419e-01 9.153951708065000137e-01 7.775736657499999760e-01 4.717246886145000095e-01 8.258223007005000005e-01 7.031988753404999626e-01
5.484777689074999962e-01 9.149486947989999841e-01 7.767428837734999814e-01 4.699791750255000178e-01 8.249399807420000341e-01 7.022110920374999843e-01
5.465763084065000665e-01 9.145225552269999891e-01 7.759085588854999216e-01 4.682991221589999919e-01 8.240761035260000256e-01 7.012436406480000439e-01
5.446161712835000390e-01 9.139111681204999948e-01 7.750906633965000125e-01 4.667089658105000316e-01 8.232317038640000195e-01 7.002635823380000124e-01
5.428029904725000243e-01 9.132941197560000557e-01 7.742858011644999650e-01 4.650985127689999943e-01 8.223753286349999581e-01 6.992781579035000084e-01
5.409533909735000368e-01 9.126750703090000805e-01 7.734938143189999948e-01 4.636103312384999842e-01 8.215097166504999882e-01 6.983236926705000958e-01
5.392226736290000044e-01 9.119890094989999696e-01 7.727086515095000774e-01 4.621608564860000268e-01 8.206247923714999892e-01 6.973913205839999963e-01
5.375289497905000324e-01 9.113226619790000260e-01 7.719527487005000133e-01 4.607586417804999668e-01 8.197543331184999893e-01 6.964926385280000298e-01
5.359340758330000121e-01 9.105823315979999499e-01 7.712088839094999315e-01 4.593672263595000027e-01 8.188865648065000169e-01 6.956216718040000302e-01
5.343921671285000174e-01 9.098101698625000733e-01 7.704341380174999365e-01 4.580651477659999915e-01 8.180335892335000025e-01 6.947539189050000452e-01
5.329119161540000205e-01 9.090339825319999623e-01 7.697084187614999795e-01 4.567900647329999897e-01 8.171598779630000475e-01 6.938892705145000006e-01
5.314632318715000192e-01 9.083059131990000035e-01 7.689640378839999180e-01 4.555641998714999863e-01 8.161265333004998901e-01 6.930203649624999684e-01
5.300923443064999852e-01 9.074681780725000202e-01 7.681958627045000210e-01 4.543351694534999985e-01 8.152117586349999501e-01 6.921693678000000460e-01
5.287350459015000004e-01 9.066748601134999586e-01 7.674465940394999963e-01 4.531315947124999743e-01 8.143541977814999777e-01 6.913334418570000750e-01
5.274148739839999989e-01 9.058660326295000509e-01 7.667320355814999377e-01 4.520139419495000088e-01 8.135074549955000345e-01 6.905103402279999525e-01
5.261943086720000107e-01 9.050665982154999512e-01 7.659885910639999684e-01 4.508664146069999989e-01 8.126589305495000026e-01 6.897062518825000099e-01
5.249463059849999169e-01 9.042317310534999653e-01 7.652797711715000339e-01 4.497754058719999892e-01 8.117955975844999283e-01 6.888962154309999919e-01
5.237791136175000695e-01 9.034532116650000333e-01 7.645323199125000357e-01 4.487180264160000043e-01 8.109102653399999916e-01 6.880949926849999621e-01
5.226390046705000625e-01 9.025135053410000552e-01 7.638119992079999143e-01 4.476543459445000428e-01 8.100367780755000080e-01 6.873016075935000080e-01
5.215320494169999321e-01 9.017232643474999421e-01 7.631109591795000036e-01 4.466688591044999934e-01 8.091977709334999824e-01 6.865268900209999803e-01
5.204518910150000011e-01 9.008770397895000670e-01 7.624101751554999140e-01 4.456824266914999888e-01 8.083505201750000868e-01 6.857507329120000605e-01
5.194196761429999976e-01 9.000745715764999488e-01 7.617213616229999706e-01 4.447107754414999503e-01 8.075055056155000521e-01 6.849821817985000116e-01
5.183559041884999719e-01 8.992402971680000245e-01 7.610511125894999784e-01 4.437749575095000232e-01 8.066309769169999200e-01 6.841997558985000172e-01
5.173960429855000154e-01 8.984042328740000638e-01 7.603810259109999858e-01 4.428794305065000270e-01 8.057615189389999433e-01 6.834390044039999612e-01
5.164181897770000473e-01 8.976347044690000665e-01 7.596041527240000590e-01 4.419524338754999837e-01 8.049037587070000388e-01 6.826915686410000017e-01
5.154719229515000167e-01 8.967995655089999740e-01 7.589547649945000973e-01 4.410809470259999809e-01 8.040793877015000035e-01 6.818839971475000317e-01
5.145724318159999866e-01 8.959822815489999481e-01 7.582837258215000542e-01 4.402336465939999943e-01 8.030454387354999390e-01 6.811438008100000330e-01
5.136458585120000642e-01 8.951784737754999721e-01 7.576019032450000967e-01 4.393702802464999890e-01 8.022029292274999168e-01 6.803861942760000003e-01
5.127878965695000790e-01 8.943549943649999889e-01 7.569731609884999823e-01 4.385692678139999634e-01 8.012764626024999615e-01 6.796289730900000325e-01
5.118970611180000407e-01 8.935797974700000479e-01 7.563321418869999313e-01 4.377510413219999896e-01 8.004546753429999661e-01 6.788977649395000480e-01
5.110779827050000446e-01 8.927736717624999985e-01 7.556695043900000242e-01 4.369422182619999706e-01 7.996150755144999511e-01 6.781742848230000176e-01
5.102340153675000156e-01 8.919483842369999582e-01 7.549990763130000060e-01 4.361747244684999747e-01 7.987360159495000556e-01 6.774564842085000205e-01
5.094576459894999410e-01 8.911958135464999042e-01 7.543634482579999467e-01 4.353998586060000009e-01 7.978855419645000113e-01 6.767596989744999458e-01
5.086310060070000638e-01 8.903566561064999441e-01 7.537348888135000369e-01 4.346432716329999835e-01 7.970405224425000101e-01 6.760194465725000157e-01
5.078756548625000811e-01 8.896096158499999795e-01 7.530631089579999937e-01 4.339047546994999616e-01 7.962352193724999694e-01 6.751886907644999436e-01
5.070964744165000759e-01 8.887743886590000475e-01 7.524082098930000573e-01 4.331669686704999744e-01 7.954247084740000417e-01 6.744460453675000799e-01
5.063442819269999839e-01 8.880258238689999750e-01 7.517791469924999248e-01 4.324499024044999862e-01 7.945983225345000234e-01 6.737764606134999390e-01
5.056186938514999341e-01 8.872223655900000061e-01 7.511645859350000176e-01 4.317428825975000439e-01 7.937379712380000507e-01 6.730703356834999429e-01
5.048698303765000173e-01 8.864615534294999488e-01 7.505111283715000248e-01 4.310447193159999690e-01 7.928420952935000265e-01 6.723629871154999105e-01
5.041756699470000269e-01 8.856713728664999952e-01 7.498749944030000947e-01 4.303524122440000044e-01 7.918972494620000191e-01 6.716907371545000061e-01
5.034376629660000102e-01 8.848661018894999897e-01 7.492719874180000517e-01 4.296669693890000086e-01 7.911064147865000118e-01 6.709731234350000406e-01
5.027697160124999787e-01 8.840955170124999984e-01 7.486568485450000310e-01 4.290087135119999839e-01 7.903925989805000718e-01 6.702648664579999860e-01
5.020506565719999870e-01 8.833331651064999512e-01 7.480269372354999557e-01 4.283335199369999735e-01 7.896235908475000009e-01 6.695975333585000300e-01
5.014056794229999614e-01 8.825378850670000386e-01 7.473815905904999113e-01 4.276718659664999755e-01 7.887876942384999257e-01 6.688992489064999880e-01
5.007058503115000558e-01 8.817704333450000487e-01 7.467968178039999794e-01 4.270537102599999968e-01 7.879396799130000684e-01 6.682110319929999154e-01
5.000643959399999616e-01 8.809915598599999953e-01 7.461748586104999248e-01 4.263917482085000099e-01 7.871048995609999377e-01 6.675693297484999178e-01
4.993925813314999962e-01 8.802190100660000072e-01 7.455172170874999615e-01 4.257563283920000052e-01 7.862901559435000465e-01 6.668820310670000584e-01
4.987582566154999952e-01 8.794453146455000203e-01 7.449163701700000084e-01 4.251686143694999864e-01 7.854884504935000233e-01 6.662018244734999595e-01
4.981158504160000389e-01 8.786598586420000245e-01 7.442918039729999879e-01 4.245198324744999807e-01 7.846697609455000055e-01 6.655653645960000198e-01
4.974765673775000119e-01 8.779275435669999794e-01 7.436459353389999194e-01 4.239054087144999983e-01 7.838261793984999670e-01 6.648850476659999842e-01
4.968369322144999822e-01 8.771018462819999417e-01 7.430421739790000757e-01 4.233252734644999959e-01 7.830018177759999753e-01 6.642000286989999669e-01
4.961981717155000138e-01 8.764005619685000248e-01 7.424181346570000173e-01 4.227048979159999664e-01 7.821958147980000442e-01 6.635576897890000936e-01
4.956022872834999760e-01 8.755774489759999835e-01 7.417714297260000755e-01 4.221080358765000318e-01 7.814058948980000530e-01 6.628809200859999695e-01
4.949672017020000370e-01 8.748549090149999596e-01 7.411858480574999852e-01 4.215290932124999834e-01 7.805968535354999016e-01 6.621833079650000231e-01
4.943802625709999843e-01 8.740787288864999560e-01 7.405828692954999903e-01 4.209393167130000002e-01 7.797807172444999324e-01 6.615366344780000407e-01
4.937649758050000059e-01 8.733199752430000906e-01 7.399467680050000329e-01 4.203571278125000088e-01 7.789588434965000197e-01 6.608795549289999682e-01
4.931776850810000168e-01 8.725586749779999929e-01 7.393613946004999882e-01 4.197722684000000370e-01 7.781519691914999814e-01 6.602071277315000319e-01
4.925618588164999978e-01 8.717931112819999884e-01 7.387689200770000131e-01 4.191702121595000108e-01 7.773692036424999507e-01 6.595666572649999670e-01
4.919827579244999693e-01 8.710210721489999308e-01 7.381365960435000151e-01 4.186104304534999931e-01 7.765804368089999077e-01 6.589244134459999458e-01
4.914048052870000349e-01 8.702849899885000129e-01 7.375492817800000100e-01 4.180440422094999775e-01 7.757723399525000563e-01 6.582677894194999269e-01
4.908137833644999892e-01 8.695148253169999730e-01 7.369620695009999611e-01 4.174788628244999744e-01 7.749468105054999612e-01 6.576525843224999557e-01
4.902470584010000243e-01 8.688036974689999914e-01 7.363342048209999824e-01 4.169348915289999846e-01 7.741411152855000033e-01 6.570003081159999647e-01
4.896479589444999725e-01 8.680157757880000435e-01 7.357428929925000638e-01 4.163749339944999850e-01 7.733592005395000246e-01 6.563366360505000774e-01
4.890857871389999723e-01 8.672972504175000541e-01 7.351449466114999831e-01 4.158298568370000226e-01 7.725878846710000358e-01 6.557131582755000299e-01
4.884969084995000044e-01 8.665519639620000714e-01 7.345082969914999982e-01 4.152568033794999947e-01 7.718039167249999277e-01 6.550467243844999565e-01
4.879609304604999864e-01 8.657718361930000217e-01 7.338959473624999674e-01 4.147052580080000106e-01 7.709988222654999834e-01 6.544123500840000052e-01
4.873917023220000200e-01 8.650389515965000164e-01 7.332588682034999472e-01 4.141577364435000130e-01 7.701943589649999922e-01 6.537716325855000843e-01
4.868546661195000125e-01 8.642736887705000370e-01 7.326252129454999817e-01 4.136305369509999941e-01 7.694119878459999562e-01 6.531042962024999898e-01
4.862886963349999925e-01 8.635232132124999183e-01 7.319969417280000057e-01 4.130978175944999831e-01 7.686461404455000590e-01 6.524987973639999606e-01
4.857309916430000429e-01 8.627293301609999521e-01 7.313757489484999930e-01 4.125544782340000438e-01 7.678402079099999611e-01 6.518480335745000520e-01
4.851717213570000409e-01 8.620103560749999838e-01 7.307560400035000292e-01 4.120399920955000184e-01 7.670363785234999288e-01 6.512259604845000993e-01
4.846093705670000418e-01 8.612590941659999944e-01 7.301444276919999421e-01 4.115146558489999884e-01 7.662837714454999727e-01 6.506134797300000550e-01
4.840724588504999870e-01 8.605212444700000018e-01 7.295641825934999769e-01 4.109750246729999557e-01 7.655064810839999900e-01 6.499736293375000251e-01
4.835114276695000046e-01 8.597646185999999746e-01 7.289833254015000152e-01 4.104691174339999971e-01 7.647060733185000458e-01 6.493729474464999818e-01
4.829995735709999849e-01 8.590466405394999727e-01 7.284179923254999744e-01 4.099509686314999901e-01 7.639121270930000485e-01 6.487602764869999650e-01
4.824414726425000355e-01 8.582676976369999489e-01 7.278324135845000153e-01 4.094317327355000424e-01 7.631546266644999577e-01 6.481435719870000112e-01
4.819301391640000154e-01 8.575545612010000429e-01 7.272338416199999322e-01 4.089214890875000341e-01 7.623929594050000702e-01 6.475299491749999525e-01
4.813618933255000010e-01 8.567857090395000208e-01 7.266354183369999609e-01 4.084069872584999983e-01 7.615959513529999558e-01 6.469169915319999964e-01
4.808378363995000071e-01 8.561119665729999273e-01 7.260515060209999927e-01 4.078846912375000411e-01 7.608099822470000273e-01 6.463002552490000330e-01
4.802841500540000474e-01 8.553112379770000384e-01 7.254771991005000142e-01 4.073940458235000284e-01 7.600562813750000313e-01 6.456618811734999852e-01
4.797523620670000044e-01 8.546198814865000326e-01 7.248918085814999301e-01 4.068836762620000047e-01 7.593110936450000459e-01 6.450434252824999160e-01
4.792309717024999527e-01 8.538718859524999649e-01 7.243018915979999583e-01 4.063667992989999922e-01 7.585164695470000273e-01 6.444298150920000356e-01
4.787022880085000098e-01 8.531313375079999650e-01 7.236975286204999636e-01 4.058773637915000232e-01 7.577460194909999558e-01 6.438330172719999300e-01
4.781930141819999980e-01 8.523803688719999716e-01 7.231317382399999882e-01 4.053757768604999701e-01 7.570025088295000426e-01 6.432267717340000024e-01
4.776523681529999954e-01 8.516699537034999601e-01 7.225262395354999923e-01 4.048662778860000477e-01 7.562584024209999534e-01 6.426056260110000196e-01
4.771377333690000055e-01 8.509547804054999887e-01 7.219584218420000976e-01 4.043901680860000347e-01 7.554603181869999906e-01 6.419825279380000360e-01
4.765875571544999634e-01 8.501911088825000462e-01 7.213960377510000299e-01 4.039054270680000336e-01 7.546874213524999986e-01 6.413573361500000125e-01
4.761030569040000104e-01 8.494911822069999285e-01 7.208176362854999963e-01 4.034169386174999983e-01 7.539579875574999868e-01 6.407284850820000877e-01
4.755447334585000130e-01 8.487647878155000214e-01 7.202633828275000205e-01 4.029355753325000178e-01 7.531962964055000098e-01 6.401174183094999748e-01
4.750627238294999888e-01 8.480341011615000202e-01 7.196661285340000269e-01 4.024281270830000201e-01 7.524100926579999626e-01 6.395217521950000705e-01
4.745142183964999871e-01 8.472868625584999425e-01 7.191140682044999677e-01 4.019482647844999645e-01 7.516276465385000050e-01 6.388925701334999818e-01
4.740243334479999904e-01 8.466087014900000041e-01 7.185284830279999868e-01 4.014520001824999906e-01 7.508870291684999199e-01 6.382936666409999571e-01
4.734914841045000378e-01 8.458706505965000177e-01 7.179398097825000491e-01 4.009483912035000097e-01 7.501475676730000597e-01 6.376912335780000607e-01
4.729912078554999733e-01 8.451419527429999690e-01 7.173410323014999257e-01 4.004867683785000021e-01 7.493652239035000218e-01 6.370445033189999773e-01
4.724696910454999621e-01 8.444330467750000846e-01 7.167419681830000666e-01 3.999856159110000142e-01 7.486013501429999994e-01 6.364608612444999647e-01
4.719631038139999735e-01 8.437377649274999669e-01 7.161885183355000128e-01 3.994902736744999627e-01 7.478673009799999827e-01 6.358487550050000436e-01
4.714537086440000468e-01 8.429456583215000354e-01 7.155869425629999281e-01 3.990230608464999662e-01 7.471373138444999951e-01 6.352484037835000041e-01
4.709387911150000328e-01 8.422830336350000113e-01 7.150210580439999575e-01 3.985276978139999926e-01 7.463713946504999530e-01 6.346792934914999851e-01
4.704396689294999545e-01 8.415551040880000500e-01 7.144344209710000726e-01 3.980395982425000145e-01 7.456126330065000474e-01 6.340581850294999544e-01
4.699251184645000246e-01 8.408477143135000276e-01 7.138464182274999459e-01 3.975851477874999818e-01 7.448720418829999357e-01 6.334632642399999902e-01
4.694315698879999998e-01 8.401274792755000220e-01 7.132722376669999864e-01 3.970828438299999763e-01 7.441114501940000459e-01 6.328483682665000387e-01
4.689084585859999987e-01 8.394328480049999541e-01 7.126952685209999583e-01 3.965940933560000436e-01 7.433485094739999965e-01 6.322263780094999897e-01
4.684213478865000280e-01 8.387327779894999669e-01 7.121692648915000090e-01 3.961413968104999794e-01 7.426290166550000293e-01 6.316638815230000148e-01
4.679000234350000342e-01 8.379899692479999551e-01 7.115904562539999700e-01 3.956444922064999981e-01 7.418574367364999533e-01 6.310510068485000179e-01
4.674011554774999966e-01 8.372740623615000377e-01 7.110533897360000744e-01 3.951759067850000307e-01 7.410884124699999020e-01 6.304777550430000765e-01
4.669001335694999977e-01 8.365969787375000521e-01 7.104481821285000276e-01 3.947015224559999869e-01 7.403631138394999311e-01 6.298994923600000906e-01
4.663978253959999987e-01 8.358980750705000684e-01 7.099033229919999854e-01 3.942138243155000055e-01 7.395892347115000653e-01 6.292697953099999353e-01
4.658921431224999909e-01 8.351796981860000191e-01 7.093461144965000909e-01 3.937430129675000279e-01 7.388234869184999720e-01 6.286949529745000653e-01
4.653939698025000293e-01 8.345063025129999534e-01 7.087942342305000309e-01 3.932806200245000383e-01 7.381041704140000048e-01 6.280826886024999389e-01
4.648891987784999902e-01 8.337810048725000645e-01 7.082558669655000250e-01 3.928137372880000089e-01 7.373469298345000089e-01 6.275047572709999688e-01
