0.000000000000000000e+00 0.000000000000000000e+00 0.000000000000000000e+00 0.000000000000000000e+00 0.000000000000000000e+00 0.000000000000000000e+00
0.000000000000000000e+00 0.000000000000000000e+00 0.000000000000000000e+00 0.000000000000000000e+00 0.000000000000000000e+00 0.000000000000000000e+00
0.000000000000000000e+00 0.000000000000000000e+00 0.000000000000000000e+00 0.000000000000000000e+00 0.000000000000000000e+00 0.000000000000000000e+00
0.000000000000000000e+00 0.000000000000000000e+00 0.000000000000000000e+00 0.000000000000000000e+00 0.000000000000000000e+00 0.000000000000000000e+00
1.615382001310977875e-05 1.562663038067978725e-04 6.773704819692912471e-04 1.897943535238974384e-05 1.835420289398975420e-04 7.945449406083901142e-04
6.378273957733995034e-04 5.801552589733995763e-03 1.986442843086998894e-02 6.919479026856996742e-04 6.279787300898996040e-03 2.131975466199999628e-02
3.426328759514975404e-03 2.918641967735979836e-02 8.069994935054969343e-02 3.437915816805975876e-03 2.914759898499980073e-02 7.935003459234950263e-02
1.027273675437999356e-02 8.138013231131997760e-02 1.783747129637994200e-01 9.522884119733999314e-03 7.457632656739993093e-02 1.638027885064995415e-01
2.087221144167997200e-02 1.540599524869996906e-01 2.993318924938999648e-01 1.792196599637996962e-02 1.312297215649996796e-01 2.452127792465990663e-01
3.592753669897997409e-02 2.460495926575992642e-01 4.235934106973994195e-01 2.925178198903994123e-02 1.961416544407994511e-01 3.266603083032999510e-01
5.540426339806985012e-02 3.517964140250988692e-01 5.473929079081994997e-01 4.173320892330993626e-02 2.707098456561000122e-01 3.882868842859998892e-01
7.768973342122988124e-02 4.664452938687985717e-01 6.626540463988995766e-01 5.582052940407995767e-02 3.349079882628999694e-01 4.260000100923999611e-01
1.036914594921998639e-01 5.853240739878987631e-01 7.664641832759998552e-01 6.998556627477997560e-02 3.924420807196999372e-01 4.569502531688000024e-01
1.323522326643999658e-01 7.032081396276990137e-01 8.574839117924000220e-01 8.641316987021996354e-02 4.451129621799997382e-01 5.041409551640000375e-01
1.626479216886998203e-01 8.167266241123994908e-01 9.364974735766999903e-01 1.007267172044999659e-01 4.873018294695998787e-01 6.077743744552999150e-01
1.979191452544996899e-01 9.231320287695998772e-01 1.045603402920000091e+00 1.178836730555999357e-01 5.337990967772996420e-01 1.030293445741000014e+00
2.321939101790000404e-01 1.020510383349999994e+00 1.894088100759999893e+00 1.324789639074999414e-01 8.041756211774000462e-01 1.627214260014999914e+00
2.691248361929999278e-01 1.419171487683999811e+00 2.492673428566999583e+00 1.809866898056999573e-01 1.153937273685999854e+00 1.851120644812999760e+00
3.197566057235000092e-01 1.925081987491999991e+00 2.820149677956999668e+00 2.392230357488999704e-01 1.406605068109999745e+00 1.794984884179999796e+00
4.121832498188999772e-01 2.340092040824999664e+00 2.954084005297000104e+00 2.860454893045999980e-01 1.541062703429999958e+00 1.597310672389999908e+00
4.994976415856000052e-01 2.658317949514000134e+00 2.936957491373999751e+00 3.208336976996999934e-01 1.576154054963999851e+00 1.359926205997000093e+00
5.781166341910000117e-01 2.876928779556000126e+00 2.842954522666000017e+00 3.447974514089999776e-01 1.538732589623999836e+00 1.159687379096000059e+00
6.456402573668998945e-01 3.004337554640000185e+00 2.708196027820999774e+00 3.604798480449999953e-01 1.457620202360000006e+00 1.002045309651000027e+00
7.053081329189999638e-01 3.057396341220000036e+00 2.560836198007999887e+00 3.696117018418999534e-01 1.361561424638999984e+00 8.720391098798998541e-01
7.544726184542999148e-01 3.058757037986000071e+00 2.408545350537000029e+00 3.740916291469999488e-01 1.263142834868000053e+00 7.843159961954997428e-01
7.959443713283000932e-01 3.012138129731999570e+00 2.266001253244999791e+00 3.754497012970000047e-01 1.163539574626999862e+00 7.135401724467999029e-01
8.304564981159000547e-01 2.952246142862000156e+00 2.131533170342999828e+00 3.746750838449999788e-01 1.071790287038000056e+00 6.605241577289998611e-01
8.597225395113999857e-01 2.855750487774999957e+00 2.034091003827000144e+00 3.726087903859999773e-01 9.941363486340999422e-01 6.125772442400000406e-01
8.850052635940000023e-01 2.744180855675000252e+00 1.923941549554999630e+00 3.692325475852000216e-01 9.166920087680998641e-01 5.844676216814996828e-01
9.053070451379998662e-01 2.628728299284999181e+00 1.836410078390999345e+00 3.655474804999999661e-01 8.541758237221001027e-01 5.659536890049999824e-01
9.213976713529999918e-01 2.524529469272000171e+00 1.766100299876999902e+00 3.611664680014999296e-01 8.023686731089999524e-01 5.466762820374999610e-01
9.357147961196000674e-01 2.416316646989999928e+00 1.683159550419999650e+00 3.569881968882000489e-01 7.501606994563998487e-01 5.270223451463998954e-01
9.439936139860000130e-01 2.306424261721999880e+00 1.614265139246000125e+00 3.525975574199000095e-01 7.129400848846995098e-01 5.141478152443998972e-01
9.522014211728999644e-01 2.208406438211999667e+00 1.550916021663999889e+00 3.480499161160999777e-01 6.896658243142999023e-01 4.983218609225998907e-01
9.561337351716999722e-01 2.140510164955999439e+00 1.505387265810000041e+00 3.435968797340999692e-01 6.671634201590996849e-01 4.886055147490999673e-01
9.586158048130000164e-01 2.039811536739999376e+00 1.453049985228999974e+00 3.395221263829999447e-01 6.426297829643997650e-01 4.802909955055997271e-01
9.617476918824999776e-01 1.949014691082999073e+00 1.426289284394999690e+00 3.355358546819999233e-01 6.195027102828997156e-01 4.721112464837996514e-01
9.623900767306000636e-01 1.878736679654999575e+00 1.386208359824999459e+00 3.322692193385999304e-01 6.010506448644000743e-01 4.652871596370000140e-01
9.594792422214000194e-01 1.803804674996999147e+00 1.361592434040000077e+00 3.290313045500999345e-01 5.836741751990999205e-01 4.597695810972998731e-01
9.568140895065999629e-01 1.745168821926999847e+00 1.332665667602999759e+00 3.256766357199000206e-01 5.741559422322998207e-01 4.546613721037998657e-01
9.532115651141999102e-01 1.714358754188999967e+00 1.308809370165999519e+00 3.228386231879997736e-01 5.641031027723999447e-01 4.504152122961998517e-01
9.480493427804999040e-01 1.654091364096999195e+00 1.289720228135999625e+00 3.218523714041998662e-01 5.535527470744997514e-01 4.477505995133999050e-01
9.436999906116999570e-01 1.596791124405998463e+00 1.279210032105999595e+00 3.200431522672999574e-01 5.460760403155998643e-01 4.444804690991999152e-01
9.363808357705998286e-01 1.562887263591999254e+00 1.260099339924999784e+00 3.170387632500000219e-01 5.405532457349999653e-01 4.401530589581997832e-01
9.313219965460000083e-01 1.540075179515999260e+00 1.246726464405999879e+00 3.151504023676000021e-01 5.339513975898999565e-01 4.378403092070000113e-01
9.277283135037999173e-01 1.521405012598999074e+00 1.234749983277999563e+00 3.144178320011999372e-01 5.284451326857999565e-01 4.357028908904999609e-01
9.222873698717999336e-01 1.495514897283999778e+00 1.221141468802999785e+00 3.125104520268999764e-01 5.216140451652999666e-01 4.326613020085998129e-01
9.190147835616999661e-01 1.478420357679999908e+00 1.208402751304999745e+00 3.098574759912999799e-01 5.146186922906998973e-01 4.304242210357998033e-01
9.126649005571000339e-01 1.460248468004999634e+00 1.196392100270999848e+00 3.080235764355999661e-01 5.104364809767000244e-01 4.281355333645997518e-01
9.053278454993997082e-01 1.434824458394999391e+00 1.184898709040000053e+00 3.058027916161999427e-01 5.058505286924999123e-01 4.258129324091999290e-01
8.974601234740998690e-01 1.415911855601999836e+00 1.174898460999999950e+00 3.035107294805998723e-01 5.020090537902998085e-01 4.235502961661000154e-01
8.908644501283999872e-01 1.400874477815999830e+00 1.165164584863999986e+00 3.010923224948998667e-01 4.987327573438997685e-01 4.206150478250999525e-01
8.836446453833999293e-01 1.382841503707999298e+00 1.155869893623999944e+00 2.987544933420999138e-01 4.956536600357998590e-01 4.188309603066999176e-01
8.786789648120001406e-01 1.368917170259999150e+00 1.150320598309999998e+00 2.975087042042000030e-01 4.927492410047000226e-01 4.175491026765999480e-01
8.718949306909999919e-01 1.356838185308999245e+00 1.141176173756999646e+00 2.954899645876999381e-01 4.900159578975999408e-01 4.157892695153999618e-01
8.652757439499999537e-01 1.346231743277999771e+00 1.132078946393999752e+00 2.933289920719998611e-01 4.873853418348999544e-01 4.140607977251999361e-01
8.588465803638000162e-01 1.334221562155999852e+00 1.125605650813999548e+00 2.912579474748998587e-01 4.849658504270999426e-01 4.131010218124999134e-01
8.527180493087999080e-01 1.324332632959999589e+00 1.121715887218999841e+00 2.892728591046998532e-01 4.826223360174999311e-01 4.122614631751999048e-01
8.467493239557998264e-01 1.312833778654998840e+00 1.115663569143000133e+00 2.873698546011998478e-01 4.802994567720999530e-01 4.109459655380999221e-01
8.408491884709997644e-01 1.305804585862999190e+00 1.111366675515999880e+00 2.855451768131997969e-01 4.778048394370999485e-01 4.100811459103999579e-01
8.367919273593998897e-01 1.299535711570999341e+00 1.107571036426999944e+00 2.839950257746998719e-01 4.763417947200999647e-01 4.091295734086999869e-01
8.314737355904997518e-01 1.294297544510999654e+00 1.103940529809999793e+00 2.825167504523998785e-01 4.751773030566999734e-01 4.075326378378000269e-01
8.259749074486998355e-01 1.290816558782000190e+00 1.098557685665999761e+00 2.810962074169998104e-01 4.745077648414999794e-01 4.062254314776999609e-01
8.218531103967999796e-01 1.284137199487999537e+00 1.093173171694999501e+00 2.797306985515998767e-01 4.739209773799999970e-01 4.048761788433998809e-01
8.167770927166999595e-01 1.278116420325999147e+00 1.088025122017999502e+00 2.784176406708998575e-01 4.732466415196999732e-01 4.035681625824998342e-01
8.118752061060998670e-01 1.273081770185999106e+00 1.084961951945999425e+00 2.772474372946999166e-01 4.726506721109999809e-01 4.023311581694997696e-01
8.082825813024999695e-01 1.268261510559999472e+00 1.082571976748999854e+00 2.768127537859999543e-01 4.720335115702999906e-01 4.016736814434997971e-01
8.038005502903999844e-01 1.264433620686999715e+00 1.080325942385999882e+00 2.755639682380999766e-01 4.706501557560999749e-01 4.010333371222997711e-01
7.991505663699999262e-01 1.262121794480000059e+00 1.077233829220999972e+00 2.743050546247000065e-01 4.693527410039999848e-01 4.004090888966997941e-01
7.945781737087997953e-01 1.258053025009999937e+00 1.074142063879999887e+00 2.730900430227000131e-01 4.677966737536999320e-01 3.997999684543998566e-01
7.901146202230998616e-01 1.252676046940000010e+00 1.071417014019999892e+00 2.719172964593999930e-01 4.662882553700998800e-01 3.992050703071998718e-01
7.859745867880998382e-01 1.247781390654999711e+00 1.067851420483999725e+00 2.710360835014999914e-01 4.656602618252999037e-01 3.986235471609998471e-01
7.832366628030998923e-01 1.243801743124999470e+00 1.064494428906999524e+00 2.699320955634999519e-01 4.651725328822999828e-01 3.980257218613998949e-01
7.795371899156999795e-01 1.242739927279999712e+00 1.062697634522999479e+00 2.688308942459999296e-01 4.646893410593000429e-01 3.974290513406999459e-01
7.772264363419998379e-01 1.241725490561000012e+00 1.060986820091999405e+00 2.677696259737999407e-01 4.638646607001000177e-01 3.968445306622999658e-01
7.739683260398000364e-01 1.239058394061999913e+00 1.059352947501999376e+00 2.668854397635999631e-01 4.627578223515999567e-01 3.962275571253999762e-01
7.704116035337998936e-01 1.236379502814000109e+00 1.057788041616999353e+00 2.660370754542999983e-01 4.620649261168999766e-01 3.953300741360999404e-01
7.669468380823999398e-01 1.234062366157000046e+00 1.056225399748999427e+00 2.652165842522999917e-01 4.615084627334999912e-01 3.944531296066999260e-01
7.643059529740998670e-01 1.231948782455999813e+00 1.054652205777999674e+00 2.644225990325999587e-01 4.609209674665999401e-01 3.935960011401998804e-01
7.614202831631999846e-01 1.229961542119999640e+00 1.053133155631999607e+00 2.636538208332999678e-01 4.604361107751999693e-01 3.927579883012998763e-01
7.584786229803999191e-01 1.228085187139999590e+00 1.051663359218999672e+00 2.629090154632999776e-01 4.599518210193999090e-01 3.919384122710998231e-01
7.556520602025998956e-01 1.226261489781999670e+00 1.050238463023999813e+00 2.621870102780999856e-01 4.594680814530999746e-01 3.911366154772997761e-01
7.529351964537999153e-01 1.224431618433999391e+00 1.048854585596999733e+00 2.614405360917999577e-01 4.589848873217999836e-01 3.905513057197997351e-01
7.502781429539998603e-01 1.222686895136999574e+00 1.047508261066999902e+00 2.606939470285999927e-01 4.585022422784999496e-01 3.900641127344997572e-01
7.479416167304999696e-01 1.221017512788999726e+00 1.045952920890999893e+00 2.599697953167000031e-01 4.580201556578999966e-01 3.895836308836997941e-01
7.459528585265998712e-01 1.219455039371999616e+00 1.043968788364999956e+00 2.592669780749999875e-01 4.575386404349999214e-01 3.891094846906997251e-01
7.439848804474000765e-01 1.218453276498999927e+00 1.042516386247999804e+00 2.585844481973999520e-01 4.570577117063999717e-01 3.886413216297997519e-01
7.416295018585999932e-01 1.217440308035999896e+00 1.041654603235000032e+00 2.579212115015999673e-01 4.565773855771999568e-01 3.881788107402997512e-01
7.393377955296999149e-01 1.216417406550999836e+00 1.040784080734999950e+00 2.572763240214999692e-01 4.560637297891999564e-01 3.877216413166997833e-01
7.372877947886999905e-01 1.214928841884999944e+00 1.039280022290000050e+00 2.566488894407999433e-01 4.552604717437999660e-01 3.872695216865997825e-01
7.354824718886998625e-01 1.213337555874999918e+00 1.037823592708999820e+00 2.560380566568999372e-01 4.544224479147999096e-01 3.868221780537997589e-01
7.337320471079999962e-01 1.211791850614999833e+00 1.036399364418999935e+00 2.554430174762999384e-01 4.536011622399999110e-01 3.863793534123997619e-01
7.320208421940999077e-01 1.210288102820999967e+00 1.034999118371999760e+00 2.548630044243999082e-01 4.527959058140998971e-01 3.859408065291997647e-01
7.303653699375000086e-01 1.208823014508999760e+00 1.033638504869999863e+00 2.542972886681998945e-01 4.521767889941998297e-01 3.854847193676997352e-01
7.287627474821999352e-01 1.207393580817999634e+00 1.032314937155999646e+00 2.537378321077999321e-01 4.516780436701998691e-01 3.850330850679998251e-01
7.272105792049999851e-01 1.206264423197999758e+00 1.031026004983999655e+00 2.531854410601999672e-01 4.511847679322998905e-01 3.845857919021998250e-01
7.256384519589000881e-01 1.205250399993999633e+00 1.029765384026999575e+00 2.526459091034999327e-01 4.506965267124998786e-01 3.841426329017997854e-01
7.238643460143000530e-01 1.204225355485999849e+00 1.028496004417999599e+00 2.521186220380999266e-01 4.502129244062998414e-01 3.837034128119998777e-01
7.222455561339000685e-01 1.203121663140999775e+00 1.027256419582999625e+00 2.516029959117999648e-01 4.497336012710998476e-01 3.832679474178998236e-01
7.206723668763999058e-01 1.202019859765999676e+00 1.026044787371999778e+00 2.510984755527999601e-01 4.492582301575998582e-01 3.828360629105999058e-01
7.191425013962000623e-01 1.200920327957999856e+00 1.024859386162999764e+00 2.506045331636999607e-01 4.487865135387998361e-01 3.824075952849999016e-01
7.176537918870999899e-01 1.199823384829000084e+00 1.023698606854999804e+00 2.501206669803999749e-01 4.483181808109998889e-01 3.819823897809998536e-01
7.161464422249000927e-01 1.198426607975999980e+00 1.022560945408999666e+00 2.496464000024999630e-01 4.478529858435998379e-01 3.815603003464999032e-01
7.146539348414000514e-01 1.197360477545999835e+00 1.021444995843999726e+00 2.492030767726999829e-01 4.473907047520998548e-01 3.811411891408998942e-01
7.134193827240999930e-01 1.196548137563000047e+00 1.020349443755999674e+00 2.487736837226000031e-01 4.469311338737997907e-01 3.807249260566999416e-01
7.121356689698000730e-01 1.195698210902000014e+00 1.019273060211999926e+00 2.483457811860999842e-01 4.464740879333998769e-01 3.803113882800999157e-01
7.108549003231000585e-01 1.194698068455999795e+00 1.018214696128999952e+00 2.478694332270000023e-01 4.460193983674998752e-01 3.799004598708999869e-01
7.096046900631999277e-01 1.193698677652999862e+00 1.017173276960999795e+00 2.474197239694000128e-01 4.455669118072998480e-01 3.794920313627999642e-01
7.084423405073000390e-01 1.192700202906000095e+00 1.016147797776999928e+00 2.470013365969000174e-01 4.451164887029998574e-01 3.790859993963999752e-01
7.073497155107000278e-01 1.191702779786999900e+00 1.015137318680999767e+00 2.465895194381999556e-01 4.446680020628998031e-01 3.786822663655000087e-01
7.062806121854000585e-01 1.190704345911999917e+00 1.014140960481999754e+00 2.461839674370999709e-01 4.442213363186998665e-01 3.782807400880999760e-01
7.052337813506999176e-01 1.189652346961000084e+00 1.013157900734999783e+00 2.457843907285999774e-01 4.437763862880998444e-01 3.778014702158999927e-01
7.042080401460999450e-01 1.188603323997000194e+00 1.012187369979999918e+00 2.453905138750999693e-01 4.433330562303998690e-01 3.773243520515999760e-01
7.032022687712999875e-01 1.187557256627999935e+00 1.011228648252999740e+00 2.450020751398999663e-01 4.428912589921998322e-01 3.768522154525999479e-01
7.022154073480999514e-01 1.186429474804000073e+00 1.010281061869999775e+00 2.446188257948999911e-01 4.424408755307999153e-01 3.763848836463999925e-01
7.012464529135999936e-01 1.185160709013999947e+00 1.009343980346999903e+00 2.442405294696999851e-01 4.419899698489999085e-01 3.759221866286999170e-01
7.002944565340999405e-01 1.183905007683999866e+00 1.008416813601999973e+00 2.438669615253999945e-01 4.415409026798999270e-01 3.754639609207999773e-01
6.993394388103999493e-01 1.182661870745000066e+00 1.007499009297999848e+00 2.434979084694999796e-01 4.410935911914998786e-01 3.750100493412999447e-01
6.983303885572000880e-01 1.181430818772000180e+00 1.006590050368999956e+00 2.431331673928999737e-01 4.406479588980999340e-01 3.745603007813999019e-01
6.971551959117998631e-01 1.180211392242999757e+00 1.005686489698999875e+00 2.427725454399999594e-01 4.402039351331998862e-01 3.741145699813999137e-01
6.959974345773000115e-01 1.179003150754999840e+00 1.004819721186000159e+00 2.424158593029999698e-01 4.397614545674999320e-01 3.736875426727999105e-01
6.948566050846999298e-01 1.177805672287999705e+00 1.003981620145999898e+00 2.420629347439999524e-01 4.393204567685999318e-01 3.733250302359998885e-01
6.937322147244999737e-01 1.176618552502999737e+00 1.003149788732000003e+00 2.417136061404999703e-01 4.388808857977999911e-01 3.729635677904999391e-01
6.926237782122998121e-01 1.175546990862999852e+00 1.002323881121000015e+00 2.413677160511999709e-01 4.384426898392999594e-01 3.726031250454999166e-01
6.917709058948998679e-01 1.174540964930999909e+00 1.001503574293999943e+00 2.410251148114999631e-01 4.380058208693999866e-01 3.722436735334999636e-01
6.910435719566998536e-01 1.173536512259999665e+00 1.000688566541999780e+00 2.406856601368999593e-01 4.375702343437999908e-01 3.718851864986999489e-01
6.903183172364000253e-01 1.172533621931999726e+00 9.998831488472998963e-01 2.403492167625999598e-01 4.370709324802999896e-01 3.715276387888998832e-01
6.895844965810999927e-01 1.171532282902999711e+00 9.990937043089997971e-01 2.400156560830999375e-01 4.365584970067999948e-01 3.711710067568999016e-01
6.888594911823000544e-01 1.170532484253999916e+00 9.983062770566998312e-01 2.396848558273999563e-01 4.360495783482999932e-01 3.708152681676999407e-01
6.881428627812999910e-01 1.169534215319999682e+00 9.975208072542997018e-01 2.393566997382999550e-01 4.355440528650999510e-01 3.704604021085998733e-01
6.873263004980999513e-01 1.168537465789999841e+00 9.967372387876995976e-01 2.390310772719999588e-01 4.350418023744999640e-01 3.701063889087999326e-01
6.863681633327999299e-01 1.167542225834999670e+00 9.959555190270996672e-01 2.387078833166999536e-01 4.345427138977999149e-01 3.697532100611999883e-01
6.854232347552000615e-01 1.166548486097999771e+00 9.951755986044996671e-01 2.383870179156999392e-01 4.340466794274999707e-01 3.694008481509999386e-01
6.844909171437999484e-01 1.165556237772999770e+00 9.943974312105996471e-01 2.380705448147999170e-01 4.335535957019999165e-01 3.690492867854999193e-01
6.835470330428998764e-01 1.164565472576999827e+00 9.936209733903995645e-01 2.377864121421999488e-01 4.330633639915998923e-01 3.686985105358999704e-01
6.826136091711999532e-01 1.163576182791999925e+00 9.928495567453995418e-01 2.375039234620999196e-01 4.325758898923999229e-01 3.683485048704999709e-01
6.816916048239998194e-01 1.162588361223999778e+00 9.922531404782996001e-01 2.372230135373999405e-01 4.320910831356998827e-01 3.679992561043999855e-01
6.807805009392998707e-01 1.161602001186999633e+00 9.916577368919995417e-01 2.369436202779999501e-01 4.316088573982999610e-01 3.676507513434999486e-01
6.798798021889999044e-01 1.160617096493999689e+00 9.910633208838995900e-01 2.366656845891999539e-01 4.311291301268999065e-01 3.673029784381999230e-01
6.789890360435999472e-01 1.159633641387999736e+00 9.904698689250995836e-01 2.363891502269999667e-01 4.306518223691998548e-01 3.669559259361999670e-01
6.781077518508998869e-01 1.158651630570999735e+00 9.898773589588996114e-01 2.361139636585999624e-01 4.301768586142998285e-01 3.666095830362999242e-01
6.772708210964998310e-01 1.157671059103999811e+00 9.892857703062994945e-01 2.358400739305999416e-01 4.297041666332998555e-01 3.662639395542999221e-01
6.764779707137998921e-01 1.156700417779999990e+00 9.886950835805994320e-01 2.355674325482999543e-01 4.292336773422998908e-01 3.659189858789999583e-01
6.756900410785999789e-01 1.155735961768999731e+00 9.881034320405994720e-01 2.352959933488999456e-01 4.287653246506998861e-01 3.655747129382999616e-01
6.749068061712998334e-01 1.154772890786999850e+00 9.874859825336995689e-01 2.350257123931999703e-01 4.282990453379998397e-01 3.652311121676999339e-01
6.741280524550998798e-01 1.153811201341999881e+00 9.868694593988995845e-01 2.347565478560999508e-01 4.278347789185998340e-01 3.648881754766999386e-01
6.733535781829999012e-01 1.152850890169999865e+00 9.862538471867996481e-01 2.344884599248999446e-01 4.273724675246998173e-01 3.645458952207999426e-01
6.725831927448999714e-01 1.151891954228999815e+00 9.856391313928996034e-01 2.342214106983999677e-01 4.269120557877998379e-01 3.642042641734999364e-01
6.718167160480998934e-01 1.150934390653999939e+00 9.850252983946996554e-01 2.339553640969999626e-01 4.264534907284998622e-01 3.638632754993999519e-01
6.710539779388999815e-01 1.149978196732999836e+00 9.844123353997995540e-01 2.336902857720999649e-01 4.259967216504998433e-01 3.635229227307999467e-01
6.702948176431999805e-01 1.149023369890999735e+00 9.838002303874997523e-01 2.334261430221999944e-01 4.255417000379998482e-01 3.631831997467999673e-01
6.695390832525999203e-01 1.148069907675999923e+00 9.831889720651996178e-01 2.331629047141999811e-01 4.250883794605998522e-01 3.628441007477000158e-01
6.687866312261998569e-01 1.147117807752999763e+00 9.825785498195995782e-01 2.329005412034999556e-01 4.246367154823998402e-01 3.625056202401999439e-01
6.680373259273998388e-01 1.146167067850999866e+00 9.819689536736996294e-01 2.326390242664999886e-01 4.241866655691998167e-01 3.621677530133999290e-01
6.672910391855999546e-01 1.145217685794999607e+00 9.813601742467996658e-01 2.323783270261999823e-01 4.237381890089998437e-01 3.618304941252999951e-01
6.665476498785998238e-01 1.144269659489999924e+00 9.807522027164997658e-01 2.321184238910999897e-01 4.232912468295998432e-01 3.614938388858000007e-01
6.658070435394999320e-01 1.143322986854999668e+00 9.801450307854997490e-01 2.318592904883999828e-01 4.228458017197997965e-01 3.611577828380999611e-01
6.650691119889998726e-01 1.142377665885999871e+00 9.795386506432998130e-01 2.316009036081999872e-01 4.224018179613998059e-01 3.608223217471999700e-01
6.643337529836998989e-01 1.141433694616999839e+00 9.789330549415997673e-01 2.313432411449000137e-01 4.219592613529997704e-01 3.604874515865999496e-01
6.636008698828999020e-01 1.140491071106999987e+00 9.783282367585998118e-01 2.310862820441999810e-01 4.215180991458997717e-01 3.601531685221999179e-01
6.628703713421999488e-01 1.139549793439999847e+00 9.777241895758997936e-01 2.308300062498999661e-01 4.210782999818998285e-01 3.598194689052999773e-01
6.621421710142999517e-01 1.138609859724999618e+00 9.771209072546997998e-01 2.305743946607999861e-01 4.206398338288997452e-01 3.594863492551999551e-01
6.614161872697998934e-01 1.137671268096999810e+00 9.765183840041998797e-01 2.303194290764999930e-01 4.202026719231998220e-01 3.591538062560999944e-01
6.606923429373998680e-01 1.136734016699999739e+00 9.759166143696998974e-01 2.300650921604999732e-01 4.197667867143997644e-01 3.588218367398999797e-01
6.599705650540999002e-01 1.135798103673999915e+00 9.753155932013999330e-01 2.298113673922999867e-01 4.193321518136997605e-01 3.584904376822999339e-01
6.592507846313999664e-01 1.134863527193999744e+00 9.747153156412999842e-01 2.295582390331999956e-01 4.188987419379998078e-01 3.581596061903999928e-01
6.585329364319999490e-01 1.133930285433999874e+00 9.741157771052998404e-01 2.292995892288999804e-01 4.184654575362997675e-01 3.578293394994999654e-01
6.578169587624999037e-01 1.132998376553999709e+00 9.735169732593998981e-01 2.290336459558999782e-01 4.180316665769997497e-01 3.574996349574999788e-01
6.571027932759999635e-01 1.132067798737999897e+00 9.729189000100000317e-01 2.287683255947000061e-01 4.176045628464997717e-01 3.571704900261999938e-01
6.563903847846999096e-01 1.131138550181999936e+00 9.723215534872000632e-01 2.285036139051999926e-01 4.171987179226998022e-01 3.568419022703999688e-01
6.556796810864999880e-01 1.130210629053999938e+00 9.717249300290000669e-01 2.282394973130000004e-01 4.167935232348997654e-01 3.565138693502999390e-01
6.549706327957999230e-01 1.129284033557999889e+00 9.710451110394000551e-01 2.279759628752000000e-01 4.163889777747997734e-01 3.561863890183999404e-01
6.542631931883999830e-01 1.128358761862999771e+00 9.702827909275999474e-01 2.277129982475999681e-01 4.159850805304997623e-01 3.558594591123999673e-01
6.536414907162999555e-01 1.127434812172999790e+00 9.695075306368999835e-01 2.274505916576999853e-01 4.155818304949997488e-01 3.555330775514000119e-01
6.531254357447000558e-01 1.126512182674999751e+00 9.687255796781001349e-01 2.271887318749999940e-01 4.151792266611997739e-01 3.552072423304000193e-01
6.526101559405999009e-01 1.125590871545999683e+00 9.679409440692999800e-01 2.269274081877999671e-01 4.147772680232997833e-01 3.548819515137000002e-01
6.519969653449999569e-01 1.124670876990999657e+00 9.671556018113000031e-01 2.266666103737999816e-01 4.143759535783997361e-01 3.545572032334000090e-01
6.512883055229999885e-01 1.123752197196999703e+00 9.663723833333999202e-01 2.264063286813999820e-01 4.139752823236997337e-01 3.542329956838000116e-01
6.505813107900000336e-01 1.122834830350999846e+00 9.655912432526999600e-01 2.261465537999999831e-01 4.135752532575998064e-01 3.539093271178999633e-01
6.498759340969999521e-01 1.121918774647999717e+00 9.648121380763999833e-01 2.258872768458999869e-01 4.131758653811998250e-01 3.535861958463999977e-01
6.491721309100000337e-01 1.121004029018999759e+00 9.640350261201999782e-01 2.256284901251999764e-01 4.127771177132997793e-01 3.532636003388999746e-01
