0.000000000000000000e+00 0.000000000000000000e+00 0.000000000000000000e+00 0.000000000000000000e+00 0.000000000000000000e+00 0.000000000000000000e+00
0.000000000000000000e+00 0.000000000000000000e+00 0.000000000000000000e+00 0.000000000000000000e+00 0.000000000000000000e+00 0.000000000000000000e+00
0.000000000000000000e+00 0.000000000000000000e+00 0.000000000000000000e+00 0.000000000000000000e+00 0.000000000000000000e+00 0.000000000000000000e+00
0.000000000000000000e+00 0.000000000000000000e+00 0.000000000000000000e+00 0.000000000000000000e+00 0.000000000000000000e+00 0.000000000000000000e+00
0.000000000000000000e+00 0.000000000000000000e+00 0.000000000000000000e+00 0.000000000000000000e+00 0.000000000000000000e+00 0.000000000000000000e+00
0.000000000000000000e+00 0.000000000000000000e+00 0.000000000000000000e+00 0.000000000000000000e+00 0.000000000000000000e+00 0.000000000000000000e+00
0.000000000000000000e+00 0.000000000000000000e+00 0.000000000000000000e+00 0.000000000000000000e+00 0.000000000000000000e+00 0.000000000000000000e+00
0.000000000000000000e+00 0.000000000000000000e+00 0.000000000000000000e+00 0.000000000000000000e+00 0.000000000000000000e+00 0.000000000000000000e+00
1.697806297157474029e-03 1.583698945302476971e-02 5.941868205140431181e-02 1.654545971420974797e-03 1.543026086602477913e-02 5.783252998755934043e-02
1.126511280017494440e-02 9.688789178616963316e-02 2.737602347761995958e-01 1.070243859011994932e-02 9.198237648845965231e-02 2.587754165747496726e-01
3.079668968165989035e-02 2.329145189509997382e-01 5.068352634440498328e-01 2.854516132298489869e-02 2.160184058108497729e-01 4.688320403976495854e-01
5.576579575465990396e-02 3.935453454157000208e-01 6.959555103960496369e-01 5.090538245260492478e-02 3.578513392039999186e-01 6.380174281319997975e-01
8.548381196201494669e-02 5.560898670520498799e-01 8.347757359421993373e-01 7.656536015769495329e-02 5.026374104745996441e-01 7.452150764672499372e-01
1.166458040597497525e-01 7.049557700926997184e-01 9.263628124412999210e-01 1.069258983680999309e-01 6.289987560536498545e-01 8.056041589221999422e-01
1.506761934661497715e-01 8.367106844940498389e-01 9.755292107372000032e-01 1.345644662938499936e-01 7.317871276435999883e-01 8.334798482517499219e-01
1.882962417457499371e-01 9.466261247775998866e-01 1.243860245904500061e+00 1.619673297499999720e-01 8.197036553676498860e-01 1.223885761022499796e+00
2.468015740163500005e-01 2.097402274492000007e+00 5.706197626903000142e+00 2.341134868146499959e-01 1.988356282897999927e+00 5.369710861643000044e+00
4.820916100507000035e-01 3.643732662348499574e+00 6.740461998832000923e+00 4.426638832054999861e-01 3.334213186163000220e+00 6.027257919021000276e+00
6.645896733025999925e-01 4.468535823544499408e+00 5.849042230767500072e+00 5.928954594147000101e-01 3.955968010012500091e+00 4.940702493593999378e+00
7.873789249619500552e-01 4.708566821154500204e+00 4.513306907553999991e+00 6.855947345613999655e-01 4.048511166507499759e+00 3.601147226019000058e+00
8.629940852496500447e-01 4.580048994897500059e+00 3.324336217433000229e+00 7.368344182580499613e-01 3.843324457878999567e+00 2.530797709178000066e+00
9.051201937589499202e-01 4.260278078149000613e+00 2.428312173032000310e+00 7.614991594694999755e-01 3.499494657174499590e+00 1.837961691562999933e+00
9.251622880305999663e-01 3.848768773318000047e+00 1.835340476774999896e+00 7.693002067091000429e-01 3.114036632541999694e+00 1.443730161378999455e+00
9.308328367221999633e-01 3.415095264369000017e+00 1.588040514015499616e+00 7.676569788736000710e-01 2.740235133888500041e+00 1.290840305238500019e+00
9.277794492444000340e-01 3.003034952229999721e+00 1.396940031952500050e+00 7.605019844304999888e-01 2.401209041502999852e+00 1.151727657238499347e+00
9.191555704940499449e-01 2.630180856776500153e+00 1.260887273183999957e+00 7.508468886481499682e-01 2.111104762902499932e+00 1.068233404289999910e+00
9.074614346825500277e-01 2.302139160295499920e+00 1.150976669707499900e+00 7.394959875708499997e-01 1.866450128169000022e+00 9.913655829114499385e-01
8.941387832800999913e-01 2.021826177103499766e+00 1.074437428803499239e+00 7.278072116272998882e-01 1.664387283858500099e+00 9.486644811684998846e-01
8.797306513074999446e-01 1.807953043809999771e+00 1.043848408285999785e+00 7.160722651106500303e-01 1.519490533510500008e+00 9.197916637047000021e-01
8.651918051787499397e-01 1.667128206134500079e+00 9.975042764729999956e-01 7.044414472287998663e-01 1.409281271565499649e+00 8.999332646037999650e-01
8.508439375268999072e-01 1.533154260002499436e+00 9.731340321519998948e-01 6.932413325757500466e-01 1.320491476906499706e+00 8.835881296419497710e-01
8.366053833286001273e-01 1.414346574757999964e+00 9.559944633318998575e-01 6.824351399593500123e-01 1.231581737728000059e+00 8.647655337392499142e-01
8.226425615642000144e-01 1.350244984412499738e+00 9.398458182277498185e-01 6.720486882289000707e-01 1.177882263435999555e+00 8.529277630071999683e-01
8.090681319939000415e-01 1.280913946398499981e+00 9.236295786243496897e-01 6.620689410676499076e-01 1.140200963272499868e+00 8.474883617727999585e-01
7.960351670839000970e-01 1.236429773897499862e+00 9.125499565890998754e-01 6.525473994093999863e-01 1.103200295838999923e+00 8.371287254126000832e-01
7.834529527196499865e-01 1.191925282392999552e+00 9.056564347141499161e-01 6.435335965999999797e-01 1.079062298670500075e+00 8.307968308359999776e-01
7.714201600277000859e-01 1.166550669959000031e+00 8.976752335414999173e-01 6.349572964769000238e-01 1.054467050315500032e+00 8.238037684142498485e-01
7.600201818991000335e-01 1.133651418715999837e+00 8.923253155559498495e-01 6.268139066485999278e-01 1.038601093549999854e+00 8.189327731379000275e-01
7.490249619322999486e-01 1.113378387279999826e+00 8.836695952409000521e-01 6.190409976299500183e-01 1.013903529478999532e+00 8.162844956622999915e-01
7.387412229084999726e-01 1.097033194669500000e+00 8.802497435575999951e-01 6.115630274302499281e-01 9.993200974028998429e-01 8.107166470378498468e-01
7.287205540990500108e-01 1.086676817659999905e+00 8.748634183533999797e-01 6.046235477741499498e-01 9.895913874333999161e-01 8.050580202428500032e-01
7.191610650089499401e-01 1.073744203457999813e+00 8.706899205178499912e-01 5.978294285699500277e-01 9.821689110268998490e-01 8.025025970364499939e-01
7.100337343853999617e-01 1.063832502407999758e+00 8.661253603114998922e-01 5.913749849305500739e-01 9.747198200433999649e-01 8.001131361753999194e-01
7.014956554664000254e-01 1.050186560519499768e+00 8.634382137270999458e-01 5.852188880361000045e-01 9.670791115117000070e-01 7.972824207409500152e-01
6.935953412500999171e-01 1.043673839296999972e+00 8.611633154295499359e-01 5.794167719080499657e-01 9.570584419710999047e-01 7.945853595041999506e-01
6.857437505533500177e-01 1.031744083124999989e+00 8.585608807446499791e-01 5.740933236103499260e-01 9.515809720315999698e-01 7.918810715734498906e-01
6.782374164806999062e-01 1.027175452391999810e+00 8.556213846834499481e-01 5.687741086130500001e-01 9.456472557813500046e-01 7.886894770711999625e-01
6.710777642868999138e-01 1.018616534596499923e+00 8.529226425389501154e-01 5.637110028193998978e-01 9.415671646919999693e-01 7.856564046870500029e-01
6.642903777254498543e-01 1.010287380255499912e+00 8.509716564028501073e-01 5.588959842831000557e-01 9.361484870203499176e-01 7.834346139625999461e-01
6.577716285523500517e-01 9.990670183357998058e-01 8.488882811246999394e-01 5.541993709921499978e-01 9.293247615357997926e-01 7.812693847856498897e-01
6.515240266287499749e-01 9.906326715641496916e-01 8.469953353618498992e-01 5.497260165337000126e-01 9.241114418589500001e-01 7.789814088355000443e-01
6.458650254944500180e-01 9.865995080411497087e-01 8.463797311208500762e-01 5.455099668248498679e-01 9.175227742788999441e-01 7.763717243499999032e-01
6.404007991701500258e-01 9.827786393807496079e-01 8.448050557357000834e-01 5.417373730479499994e-01 9.139403876905499713e-01 7.738179294771998507e-01
6.350217576144500109e-01 9.789636626736997194e-01 8.428374614629500217e-01 5.379727947560499768e-01 9.098879927270998591e-01 7.713826817970999006e-01
6.301844192538499367e-01 9.776680619345500256e-01 8.406990384864500010e-01 5.342408350111500503e-01 9.069590111528498255e-01 7.689680824731000008e-01
6.253112649415500934e-01 9.776022056015498674e-01 8.386003177126999386e-01 5.308652264015498723e-01 9.038910106237998399e-01 7.657878117916999683e-01
6.209975237875999809e-01 9.802452330843000050e-01 8.364858618781499944e-01 5.274547639337500149e-01 9.013589662775999267e-01 7.640078805038500454e-01
6.169530555591499210e-01 9.767378665918498015e-01 8.344781033467498776e-01 5.243917192905500624e-01 8.992838815356499760e-01 7.623674820510000227e-01
6.129185603364498691e-01 9.788341398442500507e-01 8.325340780986998368e-01 5.215992842784999972e-01 8.977496185801501216e-01 7.606441838088000562e-01
6.093014109525499711e-01 9.756696619317498653e-01 8.305894826822998178e-01 5.184447803504500518e-01 8.967330137471500873e-01 7.587896344586999575e-01
6.054906211561000839e-01 9.746449438533000276e-01 8.286861906053999416e-01 5.158325437312499817e-01 8.947371454049500850e-01 7.553901073546499534e-01
6.021396879238499755e-01 9.744054777074999674e-01 8.271425503020498615e-01 5.131001887177000231e-01 8.920514343941000623e-01 7.534314621286498648e-01
5.986596616549999528e-01 9.741239238409999945e-01 8.261909765202499756e-01 5.104486692348000343e-01 8.892093638863499683e-01 7.517844479956998782e-01
5.959736087022499129e-01 9.714871685973999194e-01 8.252373610568999318e-01 5.090801160632999478e-01 8.879034153829499232e-01 7.501649458744498178e-01
5.948886319937498612e-01 9.689712609116999387e-01 8.242843372034499572e-01 5.065881678314499981e-01 8.860139155612000161e-01 7.485724458252498437e-01
5.918879769765000853e-01 9.693005717138998278e-01 8.229880030465500651e-01 5.044034896219000697e-01 8.833601757695999090e-01 7.470064281698999276e-01
5.894311834385500548e-01 9.696516057193000915e-01 8.214774151570499727e-01 5.025347786903000546e-01 8.811732523511498494e-01 7.455488231507999553e-01
5.871629199750499906e-01 9.683979084625999878e-01 8.199945061785499645e-01 5.006588055162499717e-01 8.790048016977999312e-01 7.443418577369999012e-01
5.844967793831999936e-01 9.668171464213000110e-01 8.187974694203500325e-01 4.994227060321499989e-01 8.777314709678999405e-01 7.431644585990498930e-01
5.819572686010000551e-01 9.650356684524499240e-01 8.170165859036498945e-01 4.973626674090499411e-01 8.761214271123999309e-01 7.420030374601499501e-01
5.795181112507499233e-01 9.636616820665999672e-01 8.156122615371499407e-01 4.953577314806499876e-01 8.751844571838000020e-01 7.408122233330000084e-01
5.771782393583999582e-01 9.624119166876499154e-01 8.145501017400499366e-01 4.934251678570499844e-01 8.736402950507999865e-01 7.387275744010500800e-01
5.750029780509499089e-01 9.617260978198498567e-01 8.136837097459999057e-01 4.917624986195500147e-01 8.714295955793500692e-01 7.366677663852999602e-01
5.734547118784999453e-01 9.612221397458499128e-01 8.128252413190499848e-01 4.906039978109499877e-01 8.684899946481998700e-01 7.356285092581499319e-01
5.717118096456499377e-01 9.606244359688500545e-01 8.119760709688998990e-01 4.888902606466499767e-01 8.661805499850498968e-01 7.346046361504499078e-01
5.695869440674499184e-01 9.595801345190498877e-01 8.111359914007999494e-01 4.872365301865000387e-01 8.652066387786000456e-01 7.335899311569499259e-01
5.675484879217499445e-01 9.579692061329999619e-01 8.103044331164499514e-01 4.856346425323500027e-01 8.635605069053499117e-01 7.325929010471998737e-01
5.655917278264499526e-01 9.563848248393999052e-01 8.094813355619497885e-01 4.841164018380000322e-01 8.617189737083998935e-01 7.316211641003999011e-01
5.636939449586498840e-01 9.553337385851998764e-01 8.086666536369998548e-01 4.825867134527999647e-01 8.606392076379999478e-01 7.306803656740499253e-01
5.618522132998500229e-01 9.545762485048999713e-01 8.078500703889499590e-01 4.812631304782000186e-01 8.597192963296500512e-01 7.297403061973498639e-01
5.601258816447000077e-01 9.537931653015998545e-01 8.070123792832999410e-01 4.798590997030499627e-01 8.587875578903999552e-01 7.288199497143998951e-01
5.590749839050499492e-01 9.529903517721498574e-01 8.059893947485999854e-01 4.784849217655999243e-01 8.578377769166498634e-01 7.279199902783999310e-01
5.579078076885000126e-01 9.521430236397998570e-01 8.052037703892499509e-01 4.771518836085499871e-01 8.569159982448999457e-01 7.269918595238500370e-01
5.565371151650500003e-01 9.512621156710999726e-01 8.044254386152500658e-01 4.758579620631999685e-01 8.559015371432000530e-01 7.260801624959000167e-01
5.556564227755499408e-01 9.502928327315499635e-01 8.036541344355999650e-01 4.745963828285000297e-01 8.543819563560000052e-01 7.250958929280999499e-01
5.540417539848998540e-01 9.489111193065999927e-01 8.028895890463501051e-01 4.733543965144000332e-01 8.528886219001998725e-01 7.236649126506500274e-01
5.521954268760999041e-01 9.480580331914499892e-01 8.021315330309499725e-01 4.723214564703999696e-01 8.515142336460499450e-01 7.225499408172999516e-01
5.508721672619499854e-01 9.472006638755500196e-01 8.012760377062999595e-01 4.711663902318999897e-01 8.506084070226498373e-01 7.216981288921998638e-01
5.495911679555498530e-01 9.463404484385999904e-01 8.001457753143499385e-01 4.703783336691999550e-01 8.497037894138498304e-01 7.208561095853999179e-01
5.483500994015000352e-01 9.454785720182500297e-01 7.990722521490999375e-01 4.696780515677499990e-01 8.488003962070999053e-01 7.200228136501000131e-01
5.471467610924000136e-01 9.446160024770998698e-01 7.983363121705000509e-01 4.687337824315499502e-01 8.478581075471499640e-01 7.191938087092498710e-01
5.459790746587999122e-01 9.437535214005499107e-01 7.976054904410498914e-01 4.676906609331999976e-01 8.469189092033501121e-01 7.183599863884999603e-01
5.448450772952500021e-01 9.428886257164499352e-01 7.968795549262498445e-01 4.666719423849999826e-01 8.457140666240499094e-01 7.175338488425500039e-01
5.437429155139998915e-01 9.420037103648000176e-01 7.961582831296498686e-01 4.656636557304499324e-01 8.448190275268500082e-01 7.167150150733999636e-01
5.426708392107499890e-01 9.410276371494500358e-01 7.954414622772499888e-01 4.646763876189999309e-01 8.439253622564499846e-01 7.158033323541500570e-01
5.416271960302498911e-01 9.401766350492000157e-01 7.947152690163000743e-01 4.637114155585499442e-01 8.430330858924999227e-01 7.150148804977000117e-01
5.406104260234999570e-01 9.393274517128999967e-01 7.939832144863500085e-01 4.627676677484499623e-01 8.421422112661999249e-01 7.142321357779999325e-01
5.396190565755498714e-01 9.384802773833500478e-01 7.930005099025499993e-01 4.618441262183999863e-01 8.412527492194998846e-01 7.134548168501999577e-01
5.386516976046999972e-01 9.373336581907999454e-01 7.922982572754500019e-01 4.609398240901999566e-01 8.403647088396000164e-01 7.126826597047499767e-01
5.377070370043999237e-01 9.364945209489499156e-01 7.916434227672499713e-01 4.600538429832999876e-01 8.394780976793499994e-01 7.119154165968499814e-01
5.367838363292498638e-01 9.356899486854500791e-01 7.908946803351999399e-01 4.591853105503999610e-01 8.385929219427999959e-01 7.111528550416499339e-01
5.358809267160499212e-01 9.347774412410500000e-01 7.902520287064499493e-01 4.583333981445999461e-01 8.377091866574499779e-01 7.103947568700500481e-01
5.349972050099999210e-01 9.339856695738999459e-01 7.895706287501998988e-01 4.574973185997999736e-01 8.368236186485999983e-01 7.094445183276999467e-01
5.341316301110998754e-01 9.330289599066499129e-01 7.888194363162001066e-01 4.566763241327500000e-01 8.357895100487999773e-01 7.083679252422000472e-01
5.332832195081999016e-01 9.319267053323500027e-01 7.878933396149500057e-01 4.558697043451499509e-01 8.345759161352499511e-01 7.073083879614499025e-01
5.324510460088999197e-01 9.308442572407499283e-01 7.868890286508999354e-01 4.550767843334499463e-01 8.335025455283499030e-01 7.062652488774500137e-01
5.316342346373499339e-01 9.297623533381000893e-01 7.859000358486000204e-01 4.542969228946499571e-01 8.326181024775000106e-01 7.054785870568499595e-01
5.308319597141499813e-01 9.286787485967499256e-01 7.849257891848999691e-01 4.535295108183999280e-01 8.317183729954000793e-01 7.047418126258500060e-01
5.300434420852999651e-01 9.276066622566000452e-01 7.839657382802999175e-01 4.527739692769499058e-01 8.307061280683999405e-01 7.040061726215499638e-01
5.292679465081500112e-01 9.265457006074000468e-01 7.830193536518500474e-01 4.520297482883999796e-01 8.296186481352999520e-01 7.032620039953000335e-01
5.285047791820499663e-01 9.254954840248499348e-01 7.822174555040499744e-01 4.512963252588499952e-01 8.286726452492499950e-01 7.025213993987500238e-01
5.277532854140999374e-01 9.244556465556000857e-01 7.815987495160999776e-01 4.505732036066998902e-01 8.278492693116999979e-01 7.017842235747500101e-01
5.270128474162499854e-01 9.234258355000999341e-01 7.809065153073500021e-01 4.498599114472499605e-01 8.269779990586999530e-01 7.010503489418000722e-01
5.262783263393499000e-01 9.224004504167501173e-01 7.802348307361000046e-01 4.491560003517999222e-01 8.260594395301499304e-01 7.002512129582999512e-01
5.255467627748499071e-01 9.213041577673499738e-01 7.796055623820998814e-01 4.484570344241999296e-01 8.252760892970999462e-01 6.993715083768501373e-01
5.248248343522998738e-01 9.204029055979000562e-01 7.788850092595999142e-01 4.477635648251999667e-01 8.243499317516999048e-01 6.986396461730499663e-01
5.241120583156499979e-01 9.194237987200000184e-01 7.782167922709000152e-01 4.470783299850499271e-01 8.234717082967499824e-01 6.978995960632999873e-01
5.234079781677499765e-01 9.184497614690000367e-01 7.775652354394000376e-01 4.464009740553499528e-01 8.226658706863499981e-01 6.972564544474499915e-01
5.227121622281000191e-01 9.174891896198499319e-01 7.769217441520999134e-01 4.457311581883499629e-01 8.217342140150000196e-01 6.965095300057501104e-01
5.220242022689499661e-01 9.165996202522499470e-01 7.762762523136500503e-01 4.450685597146999406e-01 8.207203515009000583e-01 6.957994095389999911e-01
5.212714172031500670e-01 9.158043600420499031e-01 7.756329449313500435e-01 4.444128713597999547e-01 8.196395958308499985e-01 6.951423628100500407e-01
5.204479036364000333e-01 9.150069706085000032e-01 7.749935963008999229e-01 4.437638004954999604e-01 8.185638854651000607e-01 6.943825394137999041e-01
5.197969346037500937e-01 9.142087326315500029e-01 7.743505588462500366e-01 4.430538335738999911e-01 8.175048769915999047e-01 6.937198158672499559e-01
5.191469370290500152e-01 9.134151102383499810e-01 7.737157530747000855e-01 4.423036866575000281e-01 8.164540723110998988e-01 6.930440512821999244e-01
5.185203295879999841e-01 9.126189052015999392e-01 7.730751259330499447e-01 4.415614836708999791e-01 8.154100969915499819e-01 6.922985251209500257e-01
5.178877985213499180e-01 9.118269381135499785e-01 7.724423553784000029e-01 4.408270442056499983e-01 8.143817619237500027e-01 6.916521190540000363e-01
5.171624036102999700e-01 9.110241509143999217e-01 7.718076985346999930e-01 4.401464938275500005e-01 8.133561830303498441e-01 6.909507653761999268e-01
5.163841693676000100e-01 9.102287454980499959e-01 7.711745753902500278e-01 4.395205537266999585e-01 8.123404665813499514e-01 6.902246622108999530e-01
5.157103376445999476e-01 9.094285671033999208e-01 7.705453371642999594e-01 4.389061230392000135e-01 8.113344079984998736e-01 6.895939416722500770e-01
5.150937992688500167e-01 9.086362347000499495e-01 7.699125587186999020e-01 4.383062042229499689e-01 8.104096212495999207e-01 6.888776518581499753e-01
5.144806352783000136e-01 9.078489043435999939e-01 7.692879080866499297e-01 4.376985407551000073e-01 8.095664725650499882e-01 6.881804212892499439e-01
5.138709911025499677e-01 9.070490164691499269e-01 7.686572474132999933e-01 4.370970650964500215e-01 8.087249484408499667e-01 6.874516998330000295e-01
5.132660390401999617e-01 9.062683254036999481e-01 7.680332747980000985e-01 4.364799366319500051e-01 8.078850379582998009e-01 6.866934923612499908e-01
5.126644210519000211e-01 9.054664189457000134e-01 7.674073885555999786e-01 4.358670235193000120e-01 8.070467305183999240e-01 6.859439031409499954e-01
5.120654540327999049e-01 9.046866367214499993e-01 7.667830071493499933e-01 4.352899636807499584e-01 8.062100158416000140e-01 6.851983748608999614e-01
5.114702557386999748e-01 9.038893831348500107e-01 7.661624946901499644e-01 4.347161268103000298e-01 8.053748839461498665e-01 6.844525948435499219e-01
5.108785088167498989e-01 9.031069467022500019e-01 7.655352427669499527e-01 4.341467290062500095e-01 8.045413251458000126e-01 6.837155496736000426e-01
5.102897767791499950e-01 9.023260133123498505e-01 7.649215203293999732e-01 4.335802901318500102e-01 8.037093300345500291e-01 6.829799949370499723e-01
5.097037604194499805e-01 9.015409140207499838e-01 7.642934741850500036e-01 4.330163976533499826e-01 8.028788894768998929e-01 6.822459459319999420e-01
5.091203374960000527e-01 9.007570265250499641e-01 7.636832184521500366e-01 4.324558273060499780e-01 8.020499946010999359e-01 6.815208598156499153e-01
5.085406420049499721e-01 8.999616904890499480e-01 7.630652645044500026e-01 4.318982207299499887e-01 8.012226367873499511e-01 6.807950651929499664e-01
5.079634278182999507e-01 8.991799996717000365e-01 7.624489377884999808e-01 4.313433996282000082e-01 8.003968076569498713e-01 6.800727569103999226e-01
5.073878345243999499e-01 8.983905800413499732e-01 7.618363671758000555e-01 4.307905291340499709e-01 7.995724990687999023e-01 6.793574147853499445e-01
5.068153177645500218e-01 8.976073472759500405e-01 7.612048693354500628e-01 4.302405277744499879e-01 7.987497031039999529e-01 6.786581889417498958e-01
5.062452650531499287e-01 8.968265689385999107e-01 7.606111594850500923e-01 4.296933436213000168e-01 7.979284120645500078e-01 6.780010314296999185e-01
5.056770382705499944e-01 8.960472291644000498e-01 7.599887032707500767e-01 4.291475127800000178e-01 7.971086184585999268e-01 6.773460756494000812e-01
5.051104610879999512e-01 8.952763425753499371e-01 7.593882251336999678e-01 4.286040498915500430e-01 7.962903149963499461e-01 6.766876485046998679e-01
5.045461836572000536e-01 8.944984690762499691e-01 7.587774181759499026e-01 4.280634003834000167e-01 7.954734945850500116e-01 6.760346798928500434e-01
5.039840522019999325e-01 8.937283387202999974e-01 7.581648827154000569e-01 4.275246405524499860e-01 7.946581503153500314e-01 6.753928838880999264e-01
5.034228126547000137e-01 8.929534428450999206e-01 7.575626069315499755e-01 4.269877667581000180e-01 7.938442754595000928e-01 6.748591938549999281e-01
5.028631596246500024e-01 8.921819276305499313e-01 7.569182859166000421e-01 4.264529226741999857e-01 7.930318634630999508e-01 6.743323252710999860e-01
5.023060662485498984e-01 8.914172447704499236e-01 7.563506903746000098e-01 4.259204115651000211e-01 7.922209079381500318e-01 6.738012373267501243e-01
5.017500777621499708e-01 8.906538395805999597e-01 7.557485243600000624e-01 4.253901477258500430e-01 7.913839580418999819e-01 6.732711087418999929e-01
5.011952513045000446e-01 8.898972049954999575e-01 7.551533945981500073e-01 4.248612007188999895e-01 7.905286135155500382e-01 6.727459110912500373e-01
5.006423394641499325e-01 8.891339561498999844e-01 7.545521447770999757e-01 4.243344157078500212e-01 7.896763527545499484e-01 6.722166229825000672e-01
5.000912181726498984e-01 8.883802061498000668e-01 7.539553812897500373e-01 4.238098031959000034e-01 7.888963477993499174e-01 6.715914270993500468e-01
4.995415881329500207e-01 8.876199438940499675e-01 7.533744514526499181e-01 4.232862502870499699e-01 7.880232548343000243e-01 6.709862023141500709e-01
4.989930385465000118e-01 8.868653755682001094e-01 7.527646774156500076e-01 4.227644973001000173e-01 7.872930977202499125e-01 6.702782551782500153e-01
4.984462430654499898e-01 8.861108067119000120e-01 7.521935743276999542e-01 4.222446188660500255e-01 7.864381934037000255e-01 6.696639632798500053e-01
4.979014040505499450e-01 8.853548290000000653e-01 7.515777016575500014e-01 4.217262110981999657e-01 7.856655645639499808e-01 6.690314312223000215e-01
4.973558280376500496e-01 8.846054192813499473e-01 7.509918729763500611e-01 4.212090112717499779e-01 7.848691710591000348e-01 6.683482572732000193e-01
4.968107116671000023e-01 8.838500269228500850e-01 7.503944143444498671e-01 4.206928808632500183e-01 7.840359098984500674e-01 6.677648253094999875e-01
4.962668787996999953e-01 8.831036083875499765e-01 7.498041424545000000e-01 4.201785788269000177e-01 7.832940370084500170e-01 6.670929209960498873e-01
4.957242956651500276e-01 8.823512666220999501e-01 7.492147794087999912e-01 4.196657685979500174e-01 7.824255672393499728e-01 6.664294337038999538e-01
4.951829302150000389e-01 8.816046207529999457e-01 7.486263211885498814e-01 4.191532350725999945e-01 7.817003088407500355e-01 6.658388828496000222e-01
4.946427520321500237e-01 8.808582053294998770e-01 7.480416947482499967e-01 4.186424247625000206e-01 7.808578956917000546e-01 6.651701002645000749e-01
4.940903285335500050e-01 8.801105139275999800e-01 7.474521040151499429e-01 4.181334099023000239e-01 7.800940724072499277e-01 6.645340218167999913e-01
4.935195079904000082e-01 8.793695602790999599e-01 7.468663378513498152e-01 4.176350287432499808e-01 7.793156179880499357e-01 6.639363084673999271e-01
4.929508806014000211e-01 8.786218683088500292e-01 7.462814620752500350e-01 4.171606336450500163e-01 7.784930866052999221e-01 6.632393689193499808e-01
4.923843936223999962e-01 8.778835511158999960e-01 7.456969862625498768e-01 4.166537803464499534e-01 7.777656127867500491e-01 6.626458532327998974e-01
4.918199958588499454e-01 8.771389802967000104e-01 7.451112697462000112e-01 4.161553631527999952e-01 7.769067346203999413e-01 6.620290291961999918e-01
4.912576376310499593e-01 8.763994999749500359e-01 7.445252508493499510e-01 4.156523974780999553e-01 7.761861324843499776e-01 6.613537397081998837e-01
4.906972707351999752e-01 8.756607097183000121e-01 7.439363957501499147e-01 4.151460556198999785e-01 7.753497040944000718e-01 6.607824821633999646e-01
4.901388484142499835e-01 8.749203316644499351e-01 7.433536488929499697e-01 4.146606827052999877e-01 7.745897255654999869e-01 6.601218030114499591e-01
4.895823253145999976e-01 8.741865728386499779e-01 7.427684039729499643e-01 4.141720179910499677e-01 7.738209726179000603e-01 6.594677037547000964e-01
4.890276574613500182e-01 8.734461866527999385e-01 7.421830040530499328e-01 4.136745133797000151e-01 7.730046850254000956e-01 6.588974111081999929e-01
4.884748022129999923e-01 8.727151387703498964e-01 7.416037885757998938e-01 4.131844539312999887e-01 7.722868609674000684e-01 6.582382566964000148e-01
4.879237182354499991e-01 8.719783859722999297e-01 7.410201481886499186e-01 4.126957314704499669e-01 7.714387242040500192e-01 6.576124561073999342e-01
4.873743654654000279e-01 8.712471262671500627e-01 7.404388350395998408e-01 4.122069457784999780e-01 7.707316264923499416e-01 6.570331939684499467e-01
4.868267050730500367e-01 8.705162691805999886e-01 7.398616641114499348e-01 4.117065494324499975e-01 7.699111057208500863e-01 6.563460472697499881e-01
4.862806994858499543e-01 8.697851783432499762e-01 7.392786978423498967e-01 4.112053442567999428e-01 7.691735715844000287e-01 6.557687073954500123e-01
